1:    0.965 0.035 1    
2:    0.977 0.023 1    
3:    0.961 0.039 1    
4:    0.975 0.025 1    
5:    0.974 0.026 1    
6:    0.982 0.018 1    
7:    0.976 0.024 1    
8:    0.958 0.042 1    
9:    0.971 0.029 1    
10:   0.985 0.015 1    
11:   0.979 0.021 1    
12:   0.978 0.022 1    
13:   0.946 0.054 1    
14:   0.953 0.047 1    
15:   0.972 0.028 1    
16:   0.881 0.119 1    
17:   0.908 0.092 1    
18:   0.981 0.019 1    
19:   0.943 0.057 1    
20:   0.963 0.037 1    
21:   0.984 0.016 1    
22:   0.979 0.021 1    
23:   0.965 0.035 1    
24:   0.823 0.177 1    
25:   0.892 0.108 1    
26:   0.961 0.039 1    
27:   0.878 0.122 1    
28:   0.943 0.057 1    
29:   0.601 0.399 1    
30:   0.546 0.454 1    
31:   0.654 0.346 1    
32:   0.828 0.172 1    
33:   0.977 0.023 1    
34:   0.986 0.014 1    
35:   0.934 0.066 1    
36:   0.902 0.098 1    
37:   0.549 0.451 1    
38:   0.916 0.084 1    
39:   0.913 0.087 1    
40:   0.982 0.018 1    
41:   0.972 0.028 1    
42:   0.970 0.030 1    
43:   0.977 0.023 1    
44:   0.972 0.028 1    
45:   0.870 0.130 1    
46:   0.983 0.017 1    
47:   0.988 0.012 1    
48:   0.717 0.283 1    
49:   0.940 0.060 1    
50:   0.975 0.025 1    
51:   0.943 0.057 1    
52:   0.922 0.078 1    
53:   0.896 0.104 1    
54:   0.914 0.086 1    
55:   0.976 0.024 1    
56:   0.874 0.126 1    
57:   0.831 0.169 1    
58:   0.822 0.178 1    
59:   0.818 0.182 1    
60:   0.962 0.038 1    
61:   0.943 0.057 1    
62:   0.374 0.626 1    
63:   0.841 0.159 1    
64:   0.964 0.036 1    
65:   0.975 0.025 1    
66:   0.899 0.101 1    
67:   0.880 0.120 1    
68:   0.948 0.052 1    
69:   0.686 0.314 1    
70:   0.934 0.066 1    
71:   0.978 0.022 1    
72:   0.986 0.014 1    
73:   0.980 0.020 1    
74:   0.919 0.081 1    
75:   0.974 0.026 1    
76:   0.913 0.087 1    
77:   0.899 0.101 1    
78:   0.974 0.026 1    
79:   0.982 0.018 1    
80:   0.614 0.386 1    
81:   0.914 0.086 1    
82:   0.142 0.858 1    
83:   0.323 0.677 1    
84:   0.961 0.039 1    
85:   0.505 0.495 1    
86:   0.866 0.134 1    
87:   0.966 0.034 1    
88:   0.706 0.294 1    
89:   0.840 0.160 1    
90:   0.989 0.011 1    
91:   0.968 0.032 1    
92:   0.987 0.013 1    
93:   0.850 0.150 1    
94:   0.959 0.041 1    
95:   0.228 0.772 1    
96:   0.930 0.070 1    
97:   0.911 0.089 1    
98:   0.340 0.660 1    
99:   0.683 0.317 1    
100:  0.275 0.725 1    
101:  0.849 0.151 1    
102:  0.976 0.024 1    
103:  0.942 0.058 1    
104:  0.648 0.352 1    
105:  0.580 0.420 1    
106:  0.908 0.092 1    
107:  0.449 0.551 1    
108:  0.030 0.970 1    
109:  0.061 0.939 1    
110:  0.024 0.976 1    
111:  0.032 0.968 1    
112:  0.279 0.721 1    
113:  0.037 0.963 1    
114:  0.096 0.904 1    
115:  0.054 0.946 1    
116:  0.019 0.981 1    
117:  0.027 0.973 1    
118:  0.021 0.979 1    
119:  0.018 0.982 1    
120:  0.044 0.956 1    
121:  0.051 0.949 1    
122:  0.011 0.989 1    
123:  0.030 0.970 1    
124:  0.018 0.982 1    
125:  0.019 0.981 1    
126:  0.028 0.972 1    
127:  0.018 0.982 1    
128:  0.070 0.930 1    
129:  0.105 0.895 1    
130:  0.092 0.908 1    
131:  0.036 0.964 1    
132:  0.025 0.975 1    
133:  0.027 0.973 1    
134:  0.030 0.970 1    
135:  0.050 0.950 1    
136:  0.035 0.965 1    
137:  0.021 0.979 1    
138:  0.028 0.972 1    
139:  0.039 0.961 1    
140:  0.023 0.977 1    
141:  0.037 0.963 1    
142:  0.019 0.981 1    
143:  0.022 0.978 1    
144:  0.018 0.982 1    
145:  0.056 0.944 1    
146:  0.073 0.927 1    
147:  0.063 0.937 1    
148:  0.016 0.984 1    
149:  0.021 0.979 1    
           
           
1:    0.965 0.035 1    
2:    0.977 0.023 1    
3:    0.962 0.038 1    
4:    0.975 0.025 1    
5:    0.974 0.026 1    
6:    0.982 0.018 1    
7:    0.975 0.025 1    
8:    0.959 0.041 1    
9:    0.971 0.029 1    
10:   0.985 0.015 1    
11:   0.979 0.021 1    
12:   0.978 0.022 1    
13:   0.947 0.053 1    
14:   0.953 0.047 1    
15:   0.973 0.027 1    
16:   0.881 0.119 1    
17:   0.909 0.091 1    
18:   0.981 0.019 1    
19:   0.943 0.057 1    
20:   0.963 0.037 1    
21:   0.984 0.016 1    
22:   0.979 0.021 1    
23:   0.965 0.035 1    
24:   0.824 0.176 1    
25:   0.891 0.109 1    
26:   0.962 0.038 1    
27:   0.877 0.123 1    
28:   0.944 0.056 1    
29:   0.599 0.401 1    
30:   0.541 0.459 1    
31:   0.653 0.347 1    
32:   0.827 0.173 1    
33:   0.978 0.022 1    
34:   0.986 0.014 1    
35:   0.933 0.067 1    
36:   0.902 0.098 1    
37:   0.544 0.456 1    
38:   0.917 0.083 1    
39:   0.915 0.085 1    
40:   0.982 0.018 1    
41:   0.972 0.028 1    
42:   0.971 0.029 1    
43:   0.977 0.023 1    
44:   0.972 0.028 1    
45:   0.872 0.128 1    
46:   0.983 0.017 1    
47:   0.988 0.012 1    
48:   0.717 0.283 1    
49:   0.940 0.060 1    
50:   0.975 0.025 1    
51:   0.941 0.059 1    
52:   0.922 0.078 1    
53:   0.899 0.101 1    
54:   0.914 0.086 1    
55:   0.976 0.024 1    
56:   0.878 0.122 1    
57:   0.832 0.168 1    
58:   0.819 0.181 1    
59:   0.815 0.185 1    
60:   0.963 0.037 1    
61:   0.943 0.057 1    
62:   0.373 0.627 1    
63:   0.841 0.159 1    
64:   0.964 0.036 1    
65:   0.975 0.025 1    
66:   0.898 0.102 1    
67:   0.882 0.118 1    
68:   0.948 0.052 1    
69:   0.693 0.307 1    
70:   0.934 0.066 1    
71:   0.979 0.021 1    
72:   0.986 0.014 1    
73:   0.980 0.020 1    
74:   0.920 0.080 1    
75:   0.974 0.026 1    
76:   0.913 0.087 1    
77:   0.900 0.100 1    
78:   0.974 0.026 1    
79:   0.982 0.018 1    
80:   0.614 0.386 1    
81:   0.915 0.085 1    
82:   0.140 0.860 1    
83:   0.328 0.672 1    
84:   0.962 0.038 1    
85:   0.501 0.499 1    
86:   0.865 0.135 1    
87:   0.966 0.034 1    
88:   0.703 0.297 1    
89:   0.841 0.159 1    
90:   0.989 0.011 1    
91:   0.968 0.032 1    
92:   0.988 0.012 1    
93:   0.853 0.147 1    
94:   0.959 0.041 1    
95:   0.230 0.770 1    
96:   0.931 0.069 1    
97:   0.912 0.088 1    
98:   0.340 0.660 1    
99:   0.682 0.318 1    
100:  0.274 0.726 1    
101:  0.851 0.149 1    
102:  0.976 0.024 1    
103:  0.943 0.057 1    
104:  0.647 0.353 1    
105:  0.576 0.424 1    
106:  0.908 0.092 1    
107:  0.450 0.550 1    
108:  0.030 0.970 1    
109:  0.059 0.941 1    
110:  0.025 0.975 1    
111:  0.032 0.968 1    
112:  0.278 0.722 1    
113:  0.036 0.964 1    
114:  0.096 0.904 1    
115:  0.054 0.946 1    
116:  0.019 0.981 1    
117:  0.027 0.973 1    
118:  0.021 0.979 1    
119:  0.017 0.983 1    
120:  0.044 0.956 1    
121:  0.050 0.950 1    
122:  0.011 0.989 1    
123:  0.030 0.970 1    
124:  0.017 0.983 1    
125:  0.019 0.981 1    
126:  0.027 0.973 1    
127:  0.017 0.983 1    
128:  0.069 0.931 1    
129:  0.104 0.896 1    
130:  0.091 0.909 1    
131:  0.036 0.964 1    
132:  0.025 0.975 1    
133:  0.027 0.973 1    
134:  0.030 0.970 1    
135:  0.050 0.950 1    
136:  0.034 0.966 1    
137:  0.021 0.979 1    
138:  0.029 0.971 1    
139:  0.038 0.962 1    
140:  0.023 0.977 1    
141:  0.037 0.963 1    
142:  0.019 0.981 1    
143:  0.022 0.978 1    
144:  0.018 0.982 1    
145:  0.055 0.945 1    
146:  0.072 0.928 1    
147:  0.062 0.938 1    
148:  0.015 0.985 1    
149:  0.021 0.979 1    
           
           
1:    0.037 0.963 1    
2:    0.024 0.976 1    
3:    0.040 0.960 1    
4:    0.026 0.974 1    
5:    0.027 0.973 1    
6:    0.019 0.981 1    
7:    0.026 0.974 1    
8:    0.044 0.956 1    
9:    0.030 0.970 1    
10:   0.016 0.984 1    
11:   0.022 0.978 1    
12:   0.024 0.976 1    
13:   0.057 0.943 1    
14:   0.050 0.950 1    
15:   0.030 0.970 1    
16:   0.125 0.875 1    
17:   0.094 0.906 1    
18:   0.020 0.980 1    
19:   0.060 0.940 1    
20:   0.040 0.960 1    
21:   0.017 0.983 1    
22:   0.022 0.978 1    
23:   0.036 0.964 1    
24:   0.187 0.813 1    
25:   0.114 0.886 1    
26:   0.041 0.959 1    
27:   0.130 0.870 1    
28:   0.058 0.942 1    
29:   0.407 0.593 1    
30:   0.464 0.536 1    
31:   0.349 0.651 1    
32:   0.178 0.822 1    
33:   0.024 0.976 1    
34:   0.015 0.985 1    
35:   0.070 0.930 1    
36:   0.103 0.897 1    
37:   0.457 0.543 1    
38:   0.089 0.911 1    
39:   0.089 0.911 1    
40:   0.019 0.981 1    
41:   0.029 0.971 1    
42:   0.031 0.969 1    
43:   0.024 0.976 1    
44:   0.029 0.971 1    
45:   0.136 0.864 1    
46:   0.018 0.982 1    
47:   0.013 0.987 1    
48:   0.288 0.712 1    
49:   0.063 0.937 1    
50:   0.026 0.974 1    
51:   0.062 0.938 1    
52:   0.082 0.918 1    
53:   0.104 0.896 1    
54:   0.090 0.910 1    
55:   0.025 0.975 1    
56:   0.130 0.870 1    
57:   0.175 0.825 1    
58:   0.187 0.813 1    
59:   0.186 0.814 1    
60:   0.039 0.961 1    
61:   0.061 0.939 1    
62:   0.629 0.371 1    
63:   0.163 0.837 1    
64:   0.038 0.962 1    
65:   0.027 0.973 1    
66:   0.107 0.893 1    
67:   0.125 0.875 1    
68:   0.056 0.944 1    
69:   0.316 0.684 1    
70:   0.067 0.933 1    
71:   0.022 0.978 1    
72:   0.014 0.986 1    
73:   0.021 0.979 1    
74:   0.084 0.916 1    
75:   0.028 0.972 1    
76:   0.092 0.908 1    
77:   0.103 0.897 1    
78:   0.027 0.973 1    
79:   0.018 0.982 1    
80:   0.400 0.600 1    
81:   0.091 0.909 1    
82:   0.858 0.142 1    
83:   0.676 0.324 1    
84:   0.040 0.960 1    
85:   0.510 0.490 1    
86:   0.141 0.859 1    
87:   0.036 0.964 1    
88:   0.304 0.696 1    
89:   0.163 0.837 1    
90:   0.012 0.988 1    
91:   0.034 0.966 1    
92:   0.013 0.987 1    
93:   0.154 0.846 1    
94:   0.043 0.957 1    
95:   0.768 0.232 1    
96:   0.073 0.927 1    
97:   0.092 0.908 1    
98:   0.659 0.341 1    
99:   0.325 0.675 1    
100:  0.725 0.275 1    
101:  0.157 0.843 1    
102:  0.026 0.974 1    
103:  0.061 0.939 1    
104:  0.355 0.645 1    
105:  0.430 0.570 1    
106:  0.100 0.900 1    
107:  0.562 0.438 1    
108:  0.969 0.031 1    
109:  0.939 0.061 1    
110:  0.975 0.025 1    
111:  0.967 0.033 1    
112:  0.723 0.277 1    
113:  0.962 0.038 1    
114:  0.903 0.097 1    
115:  0.944 0.056 1    
116:  0.980 0.020 1    
117:  0.973 0.027 1    
118:  0.978 0.022 1    
119:  0.982 0.018 1    
120:  0.956 0.044 1    
121:  0.947 0.053 1    
122:  0.988 0.012 1    
123:  0.970 0.030 1    
124:  0.982 0.018 1    
125:  0.980 0.020 1    
126:  0.972 0.028 1    
127:  0.983 0.017 1    
128:  0.930 0.070 1    
129:  0.895 0.105 1    
130:  0.907 0.093 1    
131:  0.963 0.037 1    
132:  0.974 0.026 1    
133:  0.972 0.028 1    
134:  0.969 0.031 1    
135:  0.949 0.051 1    
136:  0.965 0.035 1    
137:  0.979 0.021 1    
138:  0.971 0.029 1    
139:  0.961 0.039 1    
140:  0.976 0.024 1    
141:  0.962 0.038 1    
142:  0.981 0.019 1    
143:  0.977 0.023 1    
144:  0.982 0.018 1    
145:  0.944 0.056 1    
146:  0.925 0.075 1    
147:  0.936 0.064 1    
148:  0.984 0.016 1    
149:  0.978 0.022 1    
