  1:   0.9643  0.0357  1
  2:   0.9767  0.0233  1
  3:   0.9610  0.0390  1
  4:   0.9747  0.0253  1
  5:   0.9737  0.0263  1
  6:   0.9817  0.0183  1
  7:   0.9750  0.0250  1
  8:   0.9577  0.0423  1
  9:   0.9707  0.0293  1
 10:   0.9847  0.0153  1
 11:   0.9787  0.0213  1
 12:   0.9773  0.0227  1
 13:   0.9453  0.0547  1
 14:   0.9520  0.0480  1
 15:   0.9717  0.0283  1
 16:   0.8790  0.1210  1
 17:   0.9077  0.0923  1
 18:   0.9807  0.0193  1
 19:   0.9420  0.0580  1
 20:   0.9620  0.0380  1
 21:   0.9837  0.0163  1
 22:   0.9787  0.0213  1
 23:   0.9647  0.0353  1
 24:   0.8200  0.1800  1
 25:   0.8897  0.1103  1
 26:   0.9607  0.0393  1
 27:   0.8750  0.1250  1
 28:   0.9430  0.0570  1
 29:   0.5977  0.4023  1
 30:   0.5410  0.4590  1
 31:   0.6527  0.3473  1
 32:   0.8257  0.1743  1
 33:   0.9770  0.0230  1
 34:   0.9857  0.0143  1
 35:   0.9323  0.0677  1
 36:   0.9003  0.0997  1
 37:   0.5453  0.4547  1
 38:   0.9147  0.0853  1
 39:   0.9130  0.0870  1
 40:   0.9817  0.0183  1
 41:   0.9717  0.0283  1
 42:   0.9700  0.0300  1
 43:   0.9767  0.0233  1
 44:   0.9717  0.0283  1
 45:   0.8687  0.1313  1
 46:   0.9827  0.0173  1
 47:   0.9877  0.0123  1
 48:   0.7153  0.2847  1
 49:   0.9390  0.0610  1
 50:   0.9747  0.0253  1
 51:   0.9407  0.0593  1
 52:   0.9207  0.0793  1
 53:   0.8970  0.1030  1
 54:   0.9127  0.0873  1
 55:   0.9757  0.0243  1
 56:   0.8740  0.1260  1
 57:   0.8293  0.1707  1
 58:   0.8180  0.1820  1
 59:   0.8157  0.1843  1
 60:   0.9620  0.0380  1
 61:   0.9417  0.0583  1
 62:   0.3727  0.6273  1
 63:   0.8397  0.1603  1
 64:   0.9633  0.0367  1
 65:   0.9743  0.0257  1
 66:   0.8967  0.1033  1
 67:   0.8790  0.1210  1
 68:   0.9467  0.0533  1
 69:   0.6877  0.3123  1
 70:   0.9337  0.0663  1
 71:   0.9783  0.0217  1
 72:   0.9860  0.0140  1
 73:   0.9797  0.0203  1
 74:   0.9183  0.0817  1
 75:   0.9733  0.0267  1
 76:   0.9113  0.0887  1
 77:   0.8987  0.1013  1
 78:   0.9737  0.0263  1
 79:   0.9820  0.0180  1
 80:   0.6093  0.3907  1
 81:   0.9127  0.0873  1
 82:   0.1413  0.8587  1
 83:   0.3250  0.6750  1
 84:   0.9610  0.0390  1
 85:   0.4987  0.5013  1
 86:   0.8633  0.1367  1
 87:   0.9653  0.0347  1
 88:   0.7017  0.2983  1
 89:   0.8393  0.1607  1
 90:   0.9887  0.0113  1
 91:   0.9673  0.0327  1
 92:   0.9873  0.0127  1
 93:   0.8497  0.1503  1
 94:   0.9583  0.0417  1
 95:   0.2300  0.7700  1
 96:   0.9293  0.0707  1
 97:   0.9103  0.0897  1
 98:   0.3403  0.6597  1
 99:   0.6800  0.3200  1
100:   0.2747  0.7253  1
101:   0.8477  0.1523  1
102:   0.9753  0.0247  1
103:   0.9413  0.0587  1
104:   0.6467  0.3533  1
105:   0.5753  0.4247  1
106:   0.9053  0.0947  1
107:   0.4457  0.5543  1
108:   0.0303  0.9697  1
109:   0.0603  0.9397  1
110:   0.0247  0.9753  1
111:   0.0323  0.9677  1
112:   0.2780  0.7220  1
113:   0.0370  0.9630  1
114:   0.0963  0.9037  1
115:   0.0547  0.9453  1
116:   0.0193  0.9807  1
117:   0.0270  0.9730  1
118:   0.0213  0.9787  1
119:   0.0177  0.9823  1
120:   0.0440  0.9560  1
121:   0.0513  0.9487  1
122:   0.0113  0.9887  1
123:   0.0300  0.9700  1
124:   0.0177  0.9823  1
125:   0.0193  0.9807  1
126:   0.0277  0.9723  1
127:   0.0173  0.9827  1
128:   0.0697  0.9303  1
129:   0.1047  0.8953  1
130:   0.0920  0.9080  1
131:   0.0363  0.9637  1
132:   0.0253  0.9747  1
133:   0.0273  0.9727  1
134:   0.0303  0.9697  1
135:   0.0503  0.9497  1
136:   0.0347  0.9653  1
137:   0.0210  0.9790  1
138:   0.0287  0.9713  1
139:   0.0387  0.9613  1
140:   0.0233  0.9767  1
141:   0.0373  0.9627  1
142:   0.0190  0.9810  1
143:   0.0223  0.9777  1
144:   0.0180  0.9820  1
145:   0.0557  0.9443  1
146:   0.0733  0.9267  1
147:   0.0630  0.9370  1
148:   0.0157  0.9843  1
149:   0.0213  0.9787  1
