  1:   0.9650  0.0350  1
  2:   0.9770  0.0230  1
  3:   0.9610  0.0390  1
  4:   0.9750  0.0250  1
  5:   0.9740  0.0260  1
  6:   0.9820  0.0180  1
  7:   0.9760  0.0240  1
  8:   0.9580  0.0420  1
  9:   0.9710  0.0290  1
 10:   0.9850  0.0150  1
 11:   0.9790  0.0210  1
 12:   0.9780  0.0220  1
 13:   0.9460  0.0540  1
 14:   0.9530  0.0470  1
 15:   0.9720  0.0280  1
 16:   0.8810  0.1190  1
 17:   0.9080  0.0920  1
 18:   0.9810  0.0190  1
 19:   0.9430  0.0570  1
 20:   0.9630  0.0370  1
 21:   0.9840  0.0160  1
 22:   0.9790  0.0210  1
 23:   0.9650  0.0350  1
 24:   0.8230  0.1770  1
 25:   0.8920  0.1080  1
 26:   0.9610  0.0390  1
 27:   0.8780  0.1220  1
 28:   0.9430  0.0570  1
 29:   0.6010  0.3990  1
 30:   0.5460  0.4540  1
 31:   0.6540  0.3460  1
 32:   0.8280  0.1720  1
 33:   0.9770  0.0230  1
 34:   0.9860  0.0140  1
 35:   0.9340  0.0660  1
 36:   0.9020  0.0980  1
 37:   0.5490  0.4510  1
 38:   0.9160  0.0840  1
 39:   0.9130  0.0870  1
 40:   0.9820  0.0180  1
 41:   0.9720  0.0280  1
 42:   0.9700  0.0300  1
 43:   0.9770  0.0230  1
 44:   0.9720  0.0280  1
 45:   0.8700  0.1300  1
 46:   0.9830  0.0170  1
 47:   0.9880  0.0120  1
 48:   0.7170  0.2830  1
 49:   0.9400  0.0600  1
 50:   0.9750  0.0250  1
 51:   0.9430  0.0570  1
 52:   0.9220  0.0780  1
 53:   0.8960  0.1040  1
 54:   0.9140  0.0860  1
 55:   0.9760  0.0240  1
 56:   0.8740  0.1260  1
 57:   0.8310  0.1690  1
 58:   0.8220  0.1780  1
 59:   0.8180  0.1820  1
 60:   0.9620  0.0380  1
 61:   0.9430  0.0570  1
 62:   0.3740  0.6260  1
 63:   0.8410  0.1590  1
 64:   0.9640  0.0360  1
 65:   0.9750  0.0250  1
 66:   0.8990  0.1010  1
 67:   0.8800  0.1200  1
 68:   0.9480  0.0520  1
 69:   0.6860  0.3140  1
 70:   0.9340  0.0660  1
 71:   0.9780  0.0220  1
 72:   0.9860  0.0140  1
 73:   0.9800  0.0200  1
 74:   0.9190  0.0810  1
 75:   0.9740  0.0260  1
 76:   0.9130  0.0870  1
 77:   0.8990  0.1010  1
 78:   0.9740  0.0260  1
 79:   0.9820  0.0180  1
 80:   0.6140  0.3860  1
 81:   0.9140  0.0860  1
 82:   0.1420  0.8580  1
 83:   0.3230  0.6770  1
 84:   0.9610  0.0390  1
 85:   0.5050  0.4950  1
 86:   0.8660  0.1340  1
 87:   0.9660  0.0340  1
 88:   0.7060  0.2940  1
 89:   0.8400  0.1600  1
 90:   0.9890  0.0110  1
 91:   0.9680  0.0320  1
 92:   0.9870  0.0130  1
 93:   0.8500  0.1500  1
 94:   0.9590  0.0410  1
 95:   0.2280  0.7720  1
 96:   0.9300  0.0700  1
 97:   0.9110  0.0890  1
 98:   0.3400  0.6600  1
 99:   0.6830  0.3170  1
100:   0.2750  0.7250  1
101:   0.8490  0.1510  1
102:   0.9760  0.0240  1
103:   0.9420  0.0580  1
104:   0.6480  0.3520  1
105:   0.5800  0.4200  1
106:   0.9080  0.0920  1
107:   0.4490  0.5510  1
108:   0.0300  0.9700  1
109:   0.0610  0.9390  1
110:   0.0240  0.9760  1
111:   0.0320  0.9680  1
112:   0.2790  0.7210  1
113:   0.0370  0.9630  1
114:   0.0960  0.9040  1
115:   0.0540  0.9460  1
116:   0.0190  0.9810  1
117:   0.0270  0.9730  1
118:   0.0210  0.9790  1
119:   0.0180  0.9820  1
120:   0.0440  0.9560  1
121:   0.0510  0.9490  1
122:   0.0110  0.9890  1
123:   0.0300  0.9700  1
124:   0.0180  0.9820  1
125:   0.0190  0.9810  1
126:   0.0280  0.9720  1
127:   0.0180  0.9820  1
128:   0.0700  0.9300  1
129:   0.1050  0.8950  1
130:   0.0920  0.9080  1
131:   0.0360  0.9640  1
132:   0.0250  0.9750  1
133:   0.0270  0.9730  1
134:   0.0300  0.9700  1
135:   0.0500  0.9500  1
136:   0.0350  0.9650  1
137:   0.0210  0.9790  1
138:   0.0280  0.9720  1
139:   0.0390  0.9610  1
140:   0.0230  0.9770  1
141:   0.0370  0.9630  1
142:   0.0190  0.9810  1
143:   0.0220  0.9780  1
144:   0.0180  0.9820  1
145:   0.0560  0.9440  1
146:   0.0730  0.9270  1
147:   0.0630  0.9370  1
148:   0.0160  0.9840  1
149:   0.0210  0.9790  1

  1:   0.9650  0.0350  1
  2:   0.9770  0.0230  1
  3:   0.9620  0.0380  1
  4:   0.9750  0.0250  1
  5:   0.9740  0.0260  1
  6:   0.9820  0.0180  1
  7:   0.9750  0.0250  1
  8:   0.9590  0.0410  1
  9:   0.9710  0.0290  1
 10:   0.9850  0.0150  1
 11:   0.9790  0.0210  1
 12:   0.9780  0.0220  1
 13:   0.9470  0.0530  1
 14:   0.9530  0.0470  1
 15:   0.9730  0.0270  1
 16:   0.8810  0.1190  1
 17:   0.9090  0.0910  1
 18:   0.9810  0.0190  1
 19:   0.9430  0.0570  1
 20:   0.9630  0.0370  1
 21:   0.9840  0.0160  1
 22:   0.9790  0.0210  1
 23:   0.9650  0.0350  1
 24:   0.8240  0.1760  1
 25:   0.8910  0.1090  1
 26:   0.9620  0.0380  1
 27:   0.8770  0.1230  1
 28:   0.9440  0.0560  1
 29:   0.5990  0.4010  1
 30:   0.5410  0.4590  1
 31:   0.6530  0.3470  1
 32:   0.8270  0.1730  1
 33:   0.9780  0.0220  1
 34:   0.9860  0.0140  1
 35:   0.9330  0.0670  1
 36:   0.9020  0.0980  1
 37:   0.5440  0.4560  1
 38:   0.9170  0.0830  1
 39:   0.9150  0.0850  1
 40:   0.9820  0.0180  1
 41:   0.9720  0.0280  1
 42:   0.9710  0.0290  1
 43:   0.9770  0.0230  1
 44:   0.9720  0.0280  1
 45:   0.8720  0.1280  1
 46:   0.9830  0.0170  1
 47:   0.9880  0.0120  1
 48:   0.7170  0.2830  1
 49:   0.9400  0.0600  1
 50:   0.9750  0.0250  1
 51:   0.9410  0.0590  1
 52:   0.9220  0.0780  1
 53:   0.8990  0.1010  1
 54:   0.9140  0.0860  1
 55:   0.9760  0.0240  1
 56:   0.8780  0.1220  1
 57:   0.8320  0.1680  1
 58:   0.8190  0.1810  1
 59:   0.8150  0.1850  1
 60:   0.9630  0.0370  1
 61:   0.9430  0.0570  1
 62:   0.3730  0.6270  1
 63:   0.8410  0.1590  1
 64:   0.9640  0.0360  1
 65:   0.9750  0.0250  1
 66:   0.8980  0.1020  1
 67:   0.8820  0.1180  1
 68:   0.9480  0.0520  1
 69:   0.6930  0.3070  1
 70:   0.9340  0.0660  1
 71:   0.9790  0.0210  1
 72:   0.9860  0.0140  1
 73:   0.9800  0.0200  1
 74:   0.9200  0.0800  1
 75:   0.9740  0.0260  1
 76:   0.9130  0.0870  1
 77:   0.9000  0.1000  1
 78:   0.9740  0.0260  1
 79:   0.9820  0.0180  1
 80:   0.6140  0.3860  1
 81:   0.9150  0.0850  1
 82:   0.1400  0.8600  1
 83:   0.3280  0.6720  1
 84:   0.9620  0.0380  1
 85:   0.5010  0.4990  1
 86:   0.8650  0.1350  1
 87:   0.9660  0.0340  1
 88:   0.7030  0.2970  1
 89:   0.8410  0.1590  1
 90:   0.9890  0.0110  1
 91:   0.9680  0.0320  1
 92:   0.9880  0.0120  1
 93:   0.8530  0.1470  1
 94:   0.9590  0.0410  1
 95:   0.2300  0.7700  1
 96:   0.9310  0.0690  1
 97:   0.9120  0.0880  1
 98:   0.3400  0.6600  1
 99:   0.6820  0.3180  1
100:   0.2740  0.7260  1
101:   0.8510  0.1490  1
102:   0.9760  0.0240  1
103:   0.9430  0.0570  1
104:   0.6470  0.3530  1
105:   0.5760  0.4240  1
106:   0.9080  0.0920  1
107:   0.4500  0.5500  1
108:   0.0300  0.9700  1
109:   0.0590  0.9410  1
110:   0.0250  0.9750  1
111:   0.0320  0.9680  1
112:   0.2780  0.7220  1
113:   0.0360  0.9640  1
114:   0.0960  0.9040  1
115:   0.0540  0.9460  1
116:   0.0190  0.9810  1
117:   0.0270  0.9730  1
118:   0.0210  0.9790  1
119:   0.0170  0.9830  1
120:   0.0440  0.9560  1
121:   0.0500  0.9500  1
122:   0.0110  0.9890  1
123:   0.0300  0.9700  1
124:   0.0170  0.9830  1
125:   0.0190  0.9810  1
126:   0.0270  0.9730  1
127:   0.0170  0.9830  1
128:   0.0690  0.9310  1
129:   0.1040  0.8960  1
130:   0.0910  0.9090  1
131:   0.0360  0.9640  1
132:   0.0250  0.9750  1
133:   0.0270  0.9730  1
134:   0.0300  0.9700  1
135:   0.0500  0.9500  1
136:   0.0340  0.9660  1
137:   0.0210  0.9790  1
138:   0.0290  0.9710  1
139:   0.0380  0.9620  1
140:   0.0230  0.9770  1
141:   0.0370  0.9630  1
142:   0.0190  0.9810  1
143:   0.0220  0.9780  1
144:   0.0180  0.9820  1
145:   0.0550  0.9450  1
146:   0.0720  0.9280  1
147:   0.0620  0.9380  1
148:   0.0150  0.9850  1
149:   0.0210  0.9790  1

  1:   0.9630  0.0370  1
  2:   0.9760  0.0240  1
  3:   0.9600  0.0400  1
  4:   0.9740  0.0260  1
  5:   0.9730  0.0270  1
  6:   0.9810  0.0190  1
  7:   0.9740  0.0260  1
  8:   0.9560  0.0440  1
  9:   0.9700  0.0300  1
 10:   0.9840  0.0160  1
 11:   0.9780  0.0220  1
 12:   0.9760  0.0240  1
 13:   0.9430  0.0570  1
 14:   0.9500  0.0500  1
 15:   0.9700  0.0300  1
 16:   0.8750  0.1250  1
 17:   0.9060  0.0940  1
 18:   0.9800  0.0200  1
 19:   0.9400  0.0600  1
 20:   0.9600  0.0400  1
 21:   0.9830  0.0170  1
 22:   0.9780  0.0220  1
 23:   0.9640  0.0360  1
 24:   0.8130  0.1870  1
 25:   0.8860  0.1140  1
 26:   0.9590  0.0410  1
 27:   0.8700  0.1300  1
 28:   0.9420  0.0580  1
 29:   0.5930  0.4070  1
 30:   0.5360  0.4640  1
 31:   0.6510  0.3490  1
 32:   0.8220  0.1780  1
 33:   0.9760  0.0240  1
 34:   0.9850  0.0150  1
 35:   0.9300  0.0700  1
 36:   0.8970  0.1030  1
 37:   0.5430  0.4570  1
 38:   0.9110  0.0890  1
 39:   0.9110  0.0890  1
 40:   0.9810  0.0190  1
 41:   0.9710  0.0290  1
 42:   0.9690  0.0310  1
 43:   0.9760  0.0240  1
 44:   0.9710  0.0290  1
 45:   0.8640  0.1360  1
 46:   0.9820  0.0180  1
 47:   0.9870  0.0130  1
 48:   0.7120  0.2880  1
 49:   0.9370  0.0630  1
 50:   0.9740  0.0260  1
 51:   0.9380  0.0620  1
 52:   0.9180  0.0820  1
 53:   0.8960  0.1040  1
 54:   0.9100  0.0900  1
 55:   0.9750  0.0250  1
 56:   0.8700  0.1300  1
 57:   0.8250  0.1750  1
 58:   0.8130  0.1870  1
 59:   0.8140  0.1860  1
 60:   0.9610  0.0390  1
 61:   0.9390  0.0610  1
 62:   0.3710  0.6290  1
 63:   0.8370  0.1630  1
 64:   0.9620  0.0380  1
 65:   0.9730  0.0270  1
 66:   0.8930  0.1070  1
 67:   0.8750  0.1250  1
 68:   0.9440  0.0560  1
 69:   0.6840  0.3160  1
 70:   0.9330  0.0670  1
 71:   0.9780  0.0220  1
 72:   0.9860  0.0140  1
 73:   0.9790  0.0210  1
 74:   0.9160  0.0840  1
 75:   0.9720  0.0280  1
 76:   0.9080  0.0920  1
 77:   0.8970  0.1030  1
 78:   0.9730  0.0270  1
 79:   0.9820  0.0180  1
 80:   0.6000  0.4000  1
 81:   0.9090  0.0910  1
 82:   0.1420  0.8580  1
 83:   0.3240  0.6760  1
 84:   0.9600  0.0400  1
 85:   0.4900  0.5100  1
 86:   0.8590  0.1410  1
 87:   0.9640  0.0360  1
 88:   0.6960  0.3040  1
 89:   0.8370  0.1630  1
 90:   0.9880  0.0120  1
 91:   0.9660  0.0340  1
 92:   0.9870  0.0130  1
 93:   0.8460  0.1540  1
 94:   0.9570  0.0430  1
 95:   0.2320  0.7680  1
 96:   0.9270  0.0730  1
 97:   0.9080  0.0920  1
 98:   0.3410  0.6590  1
 99:   0.6750  0.3250  1
100:   0.2750  0.7250  1
101:   0.8430  0.1570  1
102:   0.9740  0.0260  1
103:   0.9390  0.0610  1
104:   0.6450  0.3550  1
105:   0.5700  0.4300  1
106:   0.9000  0.1000  1
107:   0.4380  0.5620  1
108:   0.0310  0.9690  1
109:   0.0610  0.9390  1
110:   0.0250  0.9750  1
111:   0.0330  0.9670  1
112:   0.2770  0.7230  1
113:   0.0380  0.9620  1
114:   0.0970  0.9030  1
115:   0.0560  0.9440  1
116:   0.0200  0.9800  1
117:   0.0270  0.9730  1
118:   0.0220  0.9780  1
119:   0.0180  0.9820  1
120:   0.0440  0.9560  1
121:   0.0530  0.9470  1
122:   0.0120  0.9880  1
123:   0.0300  0.9700  1
124:   0.0180  0.9820  1
125:   0.0200  0.9800  1
126:   0.0280  0.9720  1
127:   0.0170  0.9830  1
128:   0.0700  0.9300  1
129:   0.1050  0.8950  1
130:   0.0930  0.9070  1
131:   0.0370  0.9630  1
132:   0.0260  0.9740  1
133:   0.0280  0.9720  1
134:   0.0310  0.9690  1
135:   0.0510  0.9490  1
136:   0.0350  0.9650  1
137:   0.0210  0.9790  1
138:   0.0290  0.9710  1
139:   0.0390  0.9610  1
140:   0.0240  0.9760  1
141:   0.0380  0.9620  1
142:   0.0190  0.9810  1
143:   0.0230  0.9770  1
144:   0.0180  0.9820  1
145:   0.0560  0.9440  1
146:   0.0750  0.9250  1
147:   0.0640  0.9360  1
148:   0.0160  0.9840  1
149:   0.0220  0.9780  1

