0.057005 0.942995
0.049391 0.950609
0.027792 0.972208
0.056381 0.943619
0.068326 0.931674
0.055989 0.944011
0.073803 0.926197
0.023864 0.976136
0.049104 0.950896
0.071588 0.928412
0.052600 0.947400
0.067918 0.932082
0.053046 0.946954
0.016234 0.983766
0.053411 0.946589
0.030498 0.969502
0.077945 0.922055
0.105872 0.894128
0.056578 0.943422
0.045748 0.954252
0.052967 0.947033
0.000286 0.999714
0.053181 0.946819
0.045396 0.954604
0.090495 0.909505
0.059668 0.940332
0.360918 0.639082
0.377726 0.622274
0.383268 0.616732
0.357552 0.642448
0.358840 0.641160
0.358460 0.641540
0.372958 0.627042
0.342393 0.657607
0.378356 0.621644
0.351069 0.648931
0.365178 0.634822
0.320974 0.679026
0.373333 0.626667
0.380484 0.619516
0.353801 0.646199
0.345397 0.654603
0.426948 0.573052
0.014908 0.985092
0.397745 0.602255
0.412757 0.587243
0.356181 0.643819
0.027744 0.972256
0.418820 0.581180
0.355439 0.644561
0.835750 0.164250
0.837731 0.162269
0.832154 0.167846
0.848174 0.151826
0.835367 0.164633
0.844932 0.155068
0.848201 0.151799
0.818975 0.181025
0.857683 0.142317
0.844074 0.155926
0.851234 0.148766
0.834278 0.165722
0.840619 0.159381
0.849088 0.150912
0.831608 0.168392
0.849957 0.150043
0.798281 0.201719
0.852336 0.147664
0.848949 0.151051
0.851597 0.148403
0.840813 0.159187
0.846742 0.153258
0.877235 0.122765
0.786585 0.213415
0.805039 0.194961
0.867954 0.132046
0.865963 0.134037
0.858348 0.141652
0.801427 0.198573
0.850690 0.149310
0.855985 0.144015
0.868430 0.131570
0.866587 0.133413
0.850247 0.149753
0.865157 0.134843
0.858768 0.141232
0.808628 0.191372
0.813717 0.186283
0.814292 0.185708
0.836846 0.163154
0.820739 0.179261
0.428537 0.571463
0.421962 0.578038
0.458958 0.541042
0.439218 0.560782
0.476191 0.523809
0.437405 0.562595
0.446116 0.553884
0.456598 0.543402
0.465571 0.534429
0.439686 0.560314
0.441407 0.558593
0.472291 0.527709
0.446629 0.553371
0.456004 0.543996
0.880426 0.119574
0.879043 0.120957
0.863195 0.136805
0.866130 0.133870
0.857451 0.142549
0.877556 0.122444
0.846027 0.153973
0.865170 0.134830
0.866280 0.133720
0.865489 0.134511
0.877590 0.122410
0.849887 0.150113
0.873126 0.126874
0.865804 0.134196
0.874831 0.125169
0.859377 0.140623
0.860421 0.139579
0.865757 0.134243
0.861801 0.138199
0.862037 0.137963
0.759812 0.240188
0.758765 0.241235
0.777603 0.222397
0.789439 0.210561
0.780001 0.219999
0.761368 0.238632
0.792113 0.207887
0.776102 0.223898
0.777890 0.222110
0.762406 0.237594
0.753307 0.246693
0.752363 0.247637
0.756709 0.243291
0.779332 0.220668
0.788388 0.211612
0.725789 0.274211
0.759212 0.240788
0.758386 0.241614
0.845113 0.154887
0.763094 0.236906
0.807970 0.192030
0.776022 0.223978
0.806399 0.193601
0.788282 0.211718
0.774045 0.225955
0.789370 0.210630
0.766736 0.233264
0.823897 0.176103
0.831008 0.168992
0.784589 0.215411
0.783613 0.216387
0.777855 0.222145
0.810495 0.189505
0.768652 0.231348
0.822788 0.177212
0.803481 0.196519
0.768728 0.231272
0.814588 0.185412
0.829196 0.170804
0.809389 0.190611
0.824233 0.175767
0.804294 0.195706
0.813005 0.186995
0.810699 0.189301
0.825636 0.174364
0.808666 0.191334
0.807540 0.192460
0.800568 0.199432
0.782516 0.217484
0.796446 0.203554
0.823534 0.176466
0.818286 0.181714
0.802302 0.197698
0.802789 0.197211
0.811965 0.188035
0.685345 0.314655
0.714853 0.285147
0.680226 0.319774
0.690258 0.309742
0.703946 0.296054
0.699228 0.300772
0.681116 0.318884
0.711667 0.288333
0.679115 0.320885
0.671842 0.328158
0.701587 0.298413
0.707577 0.292423
0.690005 0.309995
0.700616 0.299384
0.678561 0.321439
0.695072 0.304928
0.692815 0.307185
0.685511 0.314489
0.715967 0.284033
0.715675 0.284325
0.693792 0.306208
0.704437 0.295563
0.694599 0.305401
0.999990 0.000010
0.992719 0.007281
0.981994 0.018006
0.981603 0.018397
0.999194 0.000806
0.992684 0.007316
0.999990 0.000010
0.989192 0.010808
0.999990 0.000010
0.997291 0.002709
0.997481 0.002519
0.999990 0.000010
0.993093 0.006907
0.986928 0.013072
0.978361 0.021639
0.997465 0.002535
0.982314 0.017686
0.999350 0.000650
0.979157 0.020843
0.987749 0.012251
0.983681 0.016319
0.982923 0.017077
0.999990 0.000010
0.984806 0.015194
0.986934 0.013066
0.991225 0.008775
0.999990 0.000010
0.981921 0.018079
0.999990 0.000010
0.985018 0.014982
0.985038 0.014962
0.986783 0.013217
0.998139 0.001861
0.988994 0.011006
0.981787 0.018213
0.997647 0.002353
0.986129 0.013871
0.993707 0.006293
0.980932 0.019068
0.980402 0.019598
0.993052 0.006948
0.999990 0.000010
0.997233 0.002767
0.978247 0.021753
0.980919 0.019081
0.999990 0.000010
0.986410 0.013590
0.969568 0.030432
0.991681 0.008319
0.999990 0.000010
0.980498 0.019502
0.998890 0.001110
0.985532 0.014468
0.985480 0.014520
0.993808 0.006192
0.988403 0.011597
0.990413 0.009587
0.994762 0.005238
0.999990 0.000010
0.980960 0.019040
0.993031 0.006969
0.971760 0.028240
0.987803 0.012197
0.980586 0.019414
0.974786 0.025214
0.990314 0.009686
0.962520 0.037480
0.994099 0.005901
0.938021 0.061979
0.986617 0.013383
0.964569 0.035431
0.959113 0.040887
0.961445 0.038555
0.980511 0.019489
0.987805 0.012195
0.967321 0.032679
0.959682 0.040318
0.968388 0.031612
0.978362 0.021638
0.990527 0.009473
0.963173 0.036827
0.963354 0.036646
0.951716 0.048284
0.964800 0.035200
0.991354 0.008646
0.998144 0.001856
0.956725 0.043275
0.952048 0.047952
0.950380 0.049620
0.973291 0.026709
0.959018 0.040982
0.948010 0.051990
0.977380 0.022620
0.947436 0.052564
0.986064 0.013936
0.980447 0.019553
0.988402 0.011598
0.973908 0.026092
0.962624 0.037376
0.950369 0.049631
0.956820 0.043180
0.978205 0.021795
0.987788 0.012212
0.981458 0.018542
0.976654 0.023346
0.977313 0.022687
0.957899 0.042101
0.999990 0.000010
0.999990 0.000010
0.999990 0.000010
0.999990 0.000010
0.999990 0.000010
0.999990 0.000010
0.999990 0.000010
0.999990 0.000010
0.999990 0.000010
0.964366 0.035634
0.978196 0.021804
0.981771 0.018229
0.976242 0.023758
0.959503 0.040497
0.951941 0.048059
0.961593 0.038407
0.966769 0.033231
0.953759 0.046241
0.988880 0.011120
0.973794 0.026206
0.982609 0.017391
0.976965 0.023035
0.960100 0.039900
0.993630 0.006370
0.978022 0.021978
0.975418 0.024582
0.972539 0.027461
0.986733 0.013267
0.965403 0.034597
0.984112 0.015888
0.109847 0.890153
0.066480 0.933520
0.129471 0.870529
0.070503 0.929497
0.108925 0.891075
0.069922 0.930078
0.098225 0.901775
0.119257 0.880743
0.967861 0.032139
0.975948 0.024052
0.966235 0.033765
0.972677 0.027323
0.971426 0.028574
0.973355 0.026645
0.965043 0.034957
0.960228 0.039772
0.978063 0.021937
0.973595 0.026405
0.962590 0.037410
0.974875 0.025125
0.963639 0.036361
0.973502 0.026498
0.957358 0.042642
0.966506 0.033494
0.975225 0.024775
0.940132 0.059868
0.000010 0.999990
0.000010 0.999990
0.000010 0.999990
0.000010 0.999990
0.000010 0.999990
0.000010 0.999990
0.000010 0.999990
0.000010 0.999990
0.000010 0.999990
0.000010 0.999990
0.000010 0.999990
0.000010 0.999990
0.000010 0.999990
0.000010 0.999990
0.000010 0.999990
0.000010 0.999990
0.000010 0.999990
0.000010 0.999990
0.000010 0.999990
0.000010 0.999990
0.000010 0.999990
0.000010 0.999990
0.000010 0.999990
0.000010 0.999990
0.000010 0.999990
0.000010 0.999990
0.000010 0.999990
0.000010 0.999990
0.000010 0.999990
0.000010 0.999990
0.000010 0.999990
0.000010 0.999990
0.000010 0.999990
0.000010 0.999990
0.000010 0.999990
0.000010 0.999990
0.000010 0.999990
0.000010 0.999990
0.000010 0.999990
0.000010 0.999990
0.976028 0.023972
0.974560 0.025440
0.982203 0.017797
0.990251 0.009749
0.978220 0.021780
0.977776 0.022224
0.990347 0.009653
0.990643 0.009357
0.984185 0.015815
0.999990 0.000010
0.994826 0.005174
0.986692 0.013308
0.999990 0.000010
0.000010 0.999990
0.000010 0.999990
0.000010 0.999990
0.000010 0.999990
0.000010 0.999990
0.000010 0.999990
0.000010 0.999990
0.000010 0.999990
0.000010 0.999990
0.000010 0.999990
0.000010 0.999990
0.000010 0.999990
0.906939 0.093061
0.894807 0.105193
0.863554 0.136446
0.885512 0.114488
0.924777 0.075223
0.883801 0.116199
0.911888 0.088112
0.903530 0.096470
0.888109 0.111891
0.885384 0.114616
0.887837 0.112163
0.879687 0.120313
0.885731 0.114269
0.863364 0.136636
0.880738 0.119262
0.892842 0.107158
0.875045 0.124955
0.896513 0.103487
0.919863 0.080137
0.885190 0.114810
0.877091 0.122909
0.891548 0.108452
0.100049 0.899951
0.099348 0.900652
0.127811 0.872189
0.173264 0.826736
0.185340 0.814660
0.088611 0.911389
0.109196 0.890804
0.092310 0.907690
0.075398 0.924602
0.093584 0.906416
0.156192 0.843808
0.068594 0.931406
0.105287 0.894713
0.084155 0.915845
0.098885 0.901115
0.116176 0.883824
0.095293 0.904707
0.129415 0.870585
0.098470 0.901530
0.142204 0.857796
0.000010 0.999990
0.000010 0.999990
0.000010 0.999990
0.000010 0.999990
0.000010 0.999990
0.000010 0.999990
0.000010 0.999990
0.000010 0.999990
0.000010 0.999990
0.000010 0.999990
0.999990 0.000010
0.999990 0.000010
0.999990 0.000010
0.999990 0.000010
0.999990 0.000010
0.999990 0.000010
0.999990 0.000010
0.999990 0.000010
0.999990 0.000010
0.999990 0.000010
0.999990 0.000010
0.999990 0.000010
0.999990 0.000010
0.999990 0.000010
0.999990 0.000010
0.999990 0.000010
0.999990 0.000010
0.999990 0.000010
0.000010 0.999990
0.000010 0.999990
0.000010 0.999990
0.000010 0.999990
0.000010 0.999990
0.000010 0.999990
0.000010 0.999990
0.000010 0.999990
0.000010 0.999990
0.000010 0.999990
0.999990 0.000010
0.999990 0.000010
0.999990 0.000010
0.999990 0.000010
0.999990 0.000010
0.999990 0.000010
0.993257 0.006743
0.999990 0.000010
0.999990 0.000010
0.999990 0.000010
0.999990 0.000010
0.999990 0.000010
0.989662 0.010338
0.997837 0.002163
0.992376 0.007624
0.999990 0.000010
0.994989 0.005011
0.999990 0.000010
0.999990 0.000010
0.998338 0.001662
0.000010 0.999990
0.000010 0.999990
0.000010 0.999990
0.000010 0.999990
0.003642 0.996358
0.000010 0.999990
0.000010 0.999990
0.001394 0.998606
0.000010 0.999990
0.000010 0.999990
0.000010 0.999990
0.000010 0.999990
0.000010 0.999990
0.000010 0.999990
0.000010 0.999990
0.000010 0.999990
0.000010 0.999990
0.000010 0.999990
0.000010 0.999990
0.000010 0.999990
0.000010 0.999990
0.016185 0.983815
0.030635 0.969365
0.024417 0.975583
0.029977 0.970023
0.000010 0.999990
0.000010 0.999990
0.004236 0.995764
0.035764 0.964236
0.008739 0.991261
0.041955 0.958045
0.043679 0.956321
0.028744 0.971256
0.030183 0.969817
0.019361 0.980639
0.014867 0.985133
0.020002 0.979998
0.015413 0.984587
0.038964 0.961036
0.023808 0.976192
0.056653 0.943347
0.028872 0.971128
0.018021 0.981979
0.046032 0.953968
0.000010 0.999990
0.019491 0.980509
0.001877 0.998123
0.019087 0.980913
0.010720 0.989280
0.000010 0.999990
0.002520 0.997480
0.001007 0.998993
0.033429 0.966571
0.021135 0.978865
0.007886 0.992114
0.069356 0.930644
0.017505 0.982495
0.047702 0.952298
0.000010 0.999990
0.946352 0.053648
0.953794 0.046206
0.955226 0.044774
0.940630 0.059370
0.949577 0.050423
0.961704 0.038296
0.932976 0.067024
0.932091 0.067909
0.968531 0.031469
0.956493 0.043507
0.959132 0.040868
0.955154 0.044846
0.953825 0.046175
0.932219 0.067781
0.945342 0.054658
0.937006 0.062994
0.939635 0.060365
0.958641 0.041359
0.941543 0.058457
0.966323 0.033677
0.964589 0.035411
0.006433 0.993567
0.012026 0.987974
0.010231 0.989769
0.000010 0.999990
0.000010 0.999990
0.000010 0.999990
0.013571 0.986429
0.000010 0.999990
0.001737 0.998263
0.027763 0.972237
0.478148 0.521852
0.503475 0.496525
0.437563 0.562437
0.480772 0.519228
0.456269 0.543731
0.370425 0.629575
0.501000 0.499000
0.386788 0.613212
0.417934 0.582066
0.433074 0.566926
0.000010 0.999990
0.000010 0.999990
0.000010 0.999990
0.000010 0.999990
0.000010 0.999990
0.000010 0.999990
0.000010 0.999990
0.000010 0.999990
0.000010 0.999990
0.000010 0.999990
0.000010 0.999990
0.000010 0.999990
0.000010 0.999990
0.000010 0.999990
0.000097 0.999903
0.000010 0.999990
0.000010 0.999990
0.000010 0.999990
0.000010 0.999990
0.000010 0.999990
0.000010 0.999990
0.000010 0.999990
0.000010 0.999990
0.000010 0.999990
0.000010 0.999990
0.000010 0.999990
0.000010 0.999990
0.000010 0.999990
0.000010 0.999990
0.000010 0.999990
0.000010 0.999990
0.000010 0.999990
0.000010 0.999990
0.000010 0.999990
0.000010 0.999990
0.000010 0.999990
0.000010 0.999990
0.054339 0.945661
0.075870 0.924130
0.036771 0.963229
0.077444 0.922556
0.050464 0.949536
0.044442 0.955558
0.074653 0.925347
0.043170 0.956830
0.044735 0.955265
0.070820 0.929180
0.999990 0.000010
0.998921 0.001079
0.992971 0.007029
0.999990 0.000010
0.999990 0.000010
0.999990 0.000010
0.999990 0.000010
0.999990 0.000010
0.999990 0.000010
0.999990 0.000010
0.999990 0.000010
0.999990 0.000010
0.986868 0.013132
0.999990 0.000010
0.999990 0.000010
0.999990 0.000010
0.999990 0.000010
0.999990 0.000010
0.999990 0.000010
0.999990 0.000010
0.892290 0.107710
0.945811 0.054189
0.933121 0.066879
0.917572 0.082428
0.937551 0.062449
0.949889 0.050111
0.890844 0.109156
0.909862 0.090138
0.944397 0.055603
0.943121 0.056879
0.937241 0.062759
0.925813 0.074187
0.931925 0.068075
0.957477 0.042523
0.891856 0.108144
0.083971 0.916029
0.073870 0.926130
0.063511 0.936489
0.075930 0.924070
0.071598 0.928402
0.070036 0.929964
0.041507 0.958493
0.045360 0.954640
0.030488 0.969512
0.051958 0.948042
0.064531 0.935469
0.056698 0.943302
0.072063 0.927937
0.046337 0.953663
0.047191 0.952809
0.072944 0.927056
0.064991 0.935009
0.040762 0.959238
0.052228 0.947772
0.038378 0.961622
0.076911 0.923089
0.056469 0.943531
0.044509 0.955491
0.035888 0.964112
0.027242 0.972758
0.061107 0.938893
0.049495 0.950505
0.311821 0.688179
0.317934 0.682066
0.320721 0.679279
0.317862 0.682138
0.319632 0.680368
0.329292 0.670708
0.311027 0.688973
0.307445 0.692555
0.332731 0.667269
0.308071 0.691929
0.320962 0.679038
0.596269 0.403731
0.564723 0.435277
0.559244 0.440756
0.562745 0.437255
0.551193 0.448807
0.566696 0.433304
0.562043 0.437957
0.556198 0.443802
0.569775 0.430225
0.553946 0.446054
0.554976 0.445024
0.542043 0.457957
0.547316 0.452684
0.721274 0.278726
0.711551 0.288449
0.706876 0.293124
0.721482 0.278518
0.755105 0.244895
0.704089 0.295911
0.714089 0.285911
0.723267 0.276733
0.716950 0.283050
0.727613 0.272387
0.718814 0.281186
0.728592 0.271408
0.706732 0.293268
0.722374 0.277626
0.719120 0.280880
0.343538 0.656462
0.353760 0.646240
0.357394 0.642606
0.350847 0.649153
0.357289 0.642711
0.347888 0.652112
0.364478 0.635522
0.359716 0.640284
0.350618 0.649382
0.347522 0.652478
0.365916 0.634084
0.363150 0.636850
0.635578 0.364422
0.593824 0.406176
0.624183 0.375817
0.604957 0.395043
0.596836 0.403164
0.621108 0.378892
0.632348 0.367652
0.619990 0.380010
0.648403 0.351597
0.622789 0.377211
0.630606 0.369394
0.624556 0.375444
0.620468 0.379532
0.581171 0.418829
0.593818 0.406182
0.586122 0.413878
0.573682 0.426318
0.602803 0.397197
0.596642 0.403358
0.608931 0.391069
0.577841 0.422159
0.574478 0.425522
0.577653 0.422347
0.601544 0.398456
0.562081 0.437919
0.586697 0.413303
0.765165 0.234835
0.937953 0.062047
0.955708 0.044292
0.932292 0.067708
0.960234 0.039766
0.944241 0.055759
0.976383 0.023617
0.980728 0.019272
0.999990 0.000010
0.880477 0.119523
0.951157 0.048843
0.972596 0.027404
0.966412 0.033588
0.974482 0.025518
0.934514 0.065486
0.957117 0.042883
0.959656 0.040344
0.876115 0.123885
0.985551 0.014449
0.962297 0.037703
0.992285 0.007715
0.979895 0.020105
0.985892 0.014108
0.979480 0.020520
0.986630 0.013370
0.999990 0.000010
0.999990 0.000010
0.999990 0.000010
0.985829 0.014171
0.999172 0.000828
0.989276 0.010724
0.994396 0.005604
0.996786 0.003214
0.999990 0.000010
0.989119 0.010881
0.999990 0.000010
0.997089 0.002911
0.987456 0.012544
0.984449 0.015551
0.990210 0.009790
0.987458 0.012542
0.994282 0.005718
0.989399 0.010601
0.984700 0.015300
0.978506 0.021494
0.986100 0.013900
0.966698 0.033302
0.928093 0.071907
0.895174 0.104826
0.934694 0.065306
0.965710 0.034290
0.975465 0.024535
0.999695 0.000305
0.975162 0.024838
0.981515 0.018485
0.988628 0.011372
0.915220 0.084780
0.905664 0.094336
0.999990 0.000010
0.923075 0.076925
0.996504 0.003496
0.967552 0.032448
0.901027 0.098973
0.967710 0.032290
0.973985 0.026015
0.967353 0.032647
0.963470 0.036530
0.965911 0.034089
0.937589 0.062411
0.970774 0.029226
0.966415 0.033585
0.971493 0.028507
0.988232 0.011768
0.894288 0.105712
0.989278 0.010722
0.962235 0.037765
0.988049 0.011951
0.958336 0.041664
0.949607 0.050393
0.989031 0.010969
0.940136 0.059864
0.982362 0.017638
0.959015 0.040985
0.996025 0.003975
0.964029 0.035971
0.979634 0.020366
0.968849 0.031151
0.974620 0.025380
0.923203 0.076797
0.934122 0.065878
0.994830 0.005170
0.988376 0.011624
0.948132 0.051868
0.912578 0.087422
0.972927 0.027073
0.988386 0.011614
0.977268 0.022732
0.964231 0.035769
0.965457 0.034543
0.918055 0.081945
0.975987 0.024013
0.985377 0.014623
0.984660 0.015340
0.956306 0.043694
0.993677 0.006323
0.971794 0.028206
0.970722 0.029278
0.929863 0.070137
0.950587 0.049413
0.904138 0.095862
0.949767 0.050233
0.986268 0.013732
0.936188 0.063812
0.950087 0.049913
0.997449 0.002551
0.980578 0.019422
0.986263 0.013737
0.944474 0.055526
0.942519 0.057481
0.941674 0.058326
0.956463 0.043537
0.980285 0.019715
0.944346 0.055654
0.956139 0.043861
0.972041 0.027959
0.905830 0.094170
0.874801 0.125199
0.976189 0.023811
0.897879 0.102121
0.943211 0.056789
0.970770 0.029230
0.992994 0.007006
0.941741 0.058259
0.765534 0.234466
0.922161 0.077839
0.888633 0.111367
0.974528 0.025472
0.894923 0.105077
0.933040 0.066960
0.954118 0.045882
0.958982 0.041018
0.978781 0.021219
0.934685 0.065315
0.912852 0.087148
0.711699 0.288301
0.774534 0.225466
0.905082 0.094918
0.989023 0.010977
0.987913 0.012087
0.878309 0.121691
0.943552 0.056448
0.958335 0.041665
0.980206 0.019794
0.984903 0.015097
0.684583 0.315417
0.183821 0.816179
0.895565 0.104435
0.981767 0.018233
0.997809 0.002191
0.891320 0.108680
0.948058 0.051942
0.957449 0.042551
0.983271 0.016729
0.983346 0.016654
0.953542 0.046458
0.912902 0.087098
0.630824 0.369176
0.178953 0.821047
0.887755 0.112245
0.971618 0.028382
0.886470 0.113530
0.902894 0.097106
0.956978 0.043022
0.970439 0.029561
0.980482 0.019518
0.929749 0.070251
0.939915 0.060085
0.935064 0.064936
0.743596 0.256404
0.206039 0.793961
0.880440 0.119560
0.986704 0.013296
0.899316 0.100684
0.893775 0.106225
0.924266 0.075734
0.972292 0.027708
0.996288 0.003712
0.951297 0.048703
0.933613 0.066387
0.919926 0.080074
0.749466 0.250534
0.161124 0.838876
0.911472 0.088528
0.989553 0.010447
0.897847 0.102153
0.936251 0.063749
0.969573 0.030427
0.999990 0.000010
0.936901 0.063099
0.982930 0.017070
0.899112 0.100888
0.760715 0.239285
0.181990 0.818010
0.911591 0.088409
0.968471 0.031529
0.915992 0.084008
0.939125 0.060875
0.955813 0.044187
0.978771 0.021229
0.979817 0.020183
0.932150 0.067850
0.906015 0.093985
0.897917 0.102083
0.740535 0.259465
0.167619 0.832381
0.140446 0.859554
0.245507 0.754493
0.160359 0.839641
0.062519 0.937481
0.299047 0.700953
0.966880 0.033120
0.971765 0.028235
0.957418 0.042582
0.896160 0.103840
0.736020 0.263980
0.548812 0.451188
0.163407 0.836593
0.261374 0.738626
0.178820 0.821180
0.207513 0.792487
0.978451 0.021549
0.954153 0.045847
0.929405 0.070595
0.893536 0.106464
0.704197 0.295803
0.506189 0.493811
0.178694 0.821306
0.254599 0.745401
0.127922 0.872078
0.123185 0.876815
0.945805 0.054195
0.948382 0.051618
0.952123 0.047877
0.874261 0.125739
0.716426 0.283574
0.552674 0.447326
0.180821 0.819179
0.164019 0.835981
0.438809 0.561191
0.296430 0.703570
0.973196 0.026804
0.937816 0.062184
0.874001 0.125999
0.911930 0.088070
0.734671 0.265329
0.437057 0.562943
0.275541 0.724459
0.150174 0.849826
0.159429 0.840571
0.622758 0.377242
0.323898 0.676102
0.951862 0.048138
0.957611 0.042389
0.910994 0.089006
0.907221 0.092779
0.716959 0.283041
0.538902 0.461098
0.241020 0.758980
0.133064 0.866936
0.143746 0.856254
0.340761 0.659239
0.950184 0.049816
0.899475 0.100525
0.756671 0.243329
0.711340 0.288660
0.666296 0.333704
0.278559 0.721441
0.147059 0.852941
0.156343 0.843657
0.390862 0.609138
0.951797 0.048203
0.951464 0.048536
0.894559 0.105441
0.720193 0.279807
0.761688 0.238312
0.673635 0.326365
0.225985 0.774015
0.189512 0.810488
0.208648 0.791352
0.231142 0.768858
0.954818 0.045182
0.971437 0.028563
0.960057 0.039943
0.916144 0.083856
0.749152 0.250848
0.496845 0.503155
0.648121 0.351879
0.552930 0.447070
0.829165 0.170835
0.850310 0.149690
0.852045 0.147955
0.588531 0.411469
0.793495 0.206505
0.842362 0.157638
0.641554 0.358446
0.802348 0.197652
0.746227 0.253773
0.978439 0.021561
0.801183 0.198817
0.691642 0.308358
0.935868 0.064132
0.519970 0.480030
0.820685 0.179315
0.679553 0.320447
0.679653 0.320347
0.000010 0.999990
0.000010 0.999990
0.000010 0.999990
0.974207 0.025793
0.984021 0.015979
0.956171 0.043829
0.985736 0.014264
0.999990 0.000010
0.000010 0.999990
0.000010 0.999990
0.000010 0.999990
0.000010 0.999990
0.978549 0.021451
0.977549 0.022451
0.987628 0.012372
0.977428 0.022572
0.999990 0.000010
0.000010 0.999990
0.000010 0.999990
0.000010 0.999990
0.000010 0.999990
0.980570 0.019430
0.971304 0.028696
0.987074 0.012926
0.994807 0.005193
0.974542 0.025458
0.000010 0.999990
0.000010 0.999990
0.000010 0.999990
0.973523 0.026477
0.999990 0.000010
0.999990 0.000010
0.976675 0.023325
0.993911 0.006089
0.000010 0.999990
0.000010 0.999990
0.891553 0.108447
0.976701 0.023299
0.982094 0.017906
0.985765 0.014235
0.978990 0.021010
0.988525 0.011475
0.000010 0.999990
0.000010 0.999990
0.984223 0.015777
0.964270 0.035730
0.967163 0.032837
0.999990 0.000010
0.000010 0.999990
0.000010 0.999990
0.000010 0.999990
0.932370 0.067630
0.972684 0.027316
0.998580 0.001420
0.977912 0.022088
0.991237 0.008763
0.000010 0.999990
0.000010 0.999990
0.000010 0.999990
0.974600 0.025400
0.991922 0.008078
0.986839 0.013161
0.976757 0.023243
0.991328 0.008672
0.000010 0.999990
0.984498 0.015502
0.987046 0.012954
0.987420 0.012580
0.981903 0.018097
0.999990 0.000010
0.999990 0.000010
0.991093 0.008907
0.991797 0.008203
0.999990 0.000010
0.996317 0.003683
0.999990 0.000010
0.995951 0.004049
0.986940 0.013060
0.999990 0.000010
0.996388 0.003612
0.991554 0.008446
0.989655 0.010345
0.999990 0.000010
0.999990 0.000010
0.999990 0.000010
0.999990 0.000010
0.999990 0.000010
0.999990 0.000010
0.999990 0.000010
0.997024 0.002976
0.999990 0.000010
0.999990 0.000010
0.988644 0.011356
0.990153 0.009847
0.999990 0.000010
0.985095 0.014905
0.999990 0.000010
0.999990 0.000010
0.993919 0.006081
0.997038 0.002962
0.999990 0.000010
0.980970 0.019030
0.976295 0.023705
0.992725 0.007275
0.979294 0.020706
0.999990 0.000010
0.992737 0.007263
0.999990 0.000010
0.997507 0.002493
0.881054 0.118946
0.914245 0.085755
0.907016 0.092984
0.909743 0.090257
0.986327 0.013673
0.892898 0.107102
0.992907 0.007093
0.915747 0.084253
0.918923 0.081077
0.893236 0.106764
0.999990 0.000010
0.996252 0.003748
0.999990 0.000010
0.998239 0.001761
0.999990 0.000010
0.999990 0.000010
0.990101 0.009899
0.999990 0.000010
0.999990 0.000010
0.999990 0.000010
0.996630 0.003370
0.989133 0.010867
0.999990 0.000010
0.999990 0.000010
0.987266 0.012734
0.999744 0.000256
0.987796 0.012204
0.988340 0.011660
0.999990 0.000010
0.978413 0.021587
0.993258 0.006742
0.991236 0.008764
0.001076 0.998924
0.016443 0.983557
0.020928 0.979072
0.000010 0.999990
0.019113 0.980887
0.012764 0.987236
0.005818 0.994182
0.012257 0.987743
0.998241 0.001759
0.999990 0.000010
0.996460 0.003540
0.999287 0.000713
0.991910 0.008090
0.624269 0.375731
0.719029 0.280971
0.631904 0.368096
0.636312 0.363688
0.626933 0.373067
0.992541 0.007459
0.570724 0.429276
0.572429 0.427571
0.579717 0.420283
0.623715 0.376285
0.663198 0.336802
0.659515 0.340485
0.571013 0.428987
0.584007 0.415993
0.561737 0.438263
0.571454 0.428546
0.114339 0.885661
0.020838 0.979162
0.145161 0.854839
0.154697 0.845303
0.042128 0.957872
0.156573 0.843427
0.084205 0.915795
0.141030 0.858970
0.122095 0.877905
0.136547 0.863453
0.982156 0.017844
0.988961 0.011039
0.999990 0.000010
0.237034 0.762966
0.953992 0.046008
0.989604 0.010396
0.990259 0.009741
0.978717 0.021283
0.978998 0.021002
0.206480 0.793520
0.977743 0.022257
0.988259 0.011741
0.260386 0.739614
0.993167 0.006833
0.998601 0.001399
0.981157 0.018843
0.298956 0.701044
0.065809 0.934191
0.987613 0.012387
0.069613 0.930387
0.994865 0.005135
0.975123 0.024877
0.165047 0.834953
0.168511 0.831489
0.935942 0.064058
0.999990 0.000010
0.984268 0.015732
0.977231 0.022769
0.979001 0.020999
0.992638 0.007362
0.077592 0.922408
0.142119 0.857881
0.998147 0.001853
0.992356 0.007644
0.999990 0.000010
0.967827 0.032173
0.984237 0.015763
0.982930 0.017070
0.247250 0.752750
0.993295 0.006705
0.918369 0.081631
0.958444 0.041556
0.982735 0.017265
0.999886 0.000114
0.970216 0.029784
0.211400 0.788600
0.076779 0.923221
0.999990 0.000010
0.986301 0.013699
0.059097 0.940903
0.018905 0.981095
0.967432 0.032568
0.975726 0.024274
0.983540 0.016460
0.999990 0.000010
0.999691 0.000309
0.999990 0.000010
0.999990 0.000010
0.990975 0.009025
0.990979 0.009021
0.983416 0.016584
0.983493 0.016507
0.999990 0.000010
0.989143 0.010857
0.978965 0.021035
0.999990 0.000010
0.999990 0.000010
0.992803 0.007197
0.993188 0.006812
0.999990 0.000010
0.984119 0.015881
0.994640 0.005360
0.999990 0.000010
0.991915 0.008085
0.989608 0.010392
0.982667 0.017333
0.999990 0.000010
0.997701 0.002299
0.979636 0.020364
0.871420 0.128580
0.999990 0.000010
0.990138 0.009862
0.953473 0.046527
0.999990 0.000010
0.953720 0.046280
0.145067 0.854933
0.999990 0.000010
0.993500 0.006500
0.989100 0.010900
0.989396 0.010604
0.938836 0.061164
0.955841 0.044159
0.984985 0.015015
0.889987 0.110013
0.999990 0.000010
0.946932 0.053068
0.991854 0.008146
0.977777 0.022223
0.852385 0.147615
0.984303 0.015697
0.985579 0.014421
0.999990 0.000010
0.999990 0.000010
0.999990 0.000010
0.943434 0.056566
0.935673 0.064327
0.982148 0.017852
0.987663 0.012337
0.996625 0.003375
0.994586 0.005414
0.992541 0.007459
0.977143 0.022857
0.973472 0.026528
0.875680 0.124320
0.999990 0.000010
0.994718 0.005282
0.999990 0.000010
0.952969 0.047031
0.995192 0.004808
0.958929 0.041071
0.943517 0.056483
0.998839 0.001161
0.995425 0.004575
0.940834 0.059166
0.990457 0.009543
0.981172 0.018828
0.912101 0.087899
0.999990 0.000010
0.932021 0.067979
0.999990 0.000010
0.982368 0.017632
0.992711 0.007289
0.994766 0.005234
0.938255 0.061745
0.980181 0.019819
0.994157 0.005843
0.930840 0.069160
0.858097 0.141903
0.984678 0.015322
0.941627 0.058373
0.978464 0.021536
0.983060 0.016940
0.952160 0.047840
0.980356 0.019644
0.991654 0.008346
0.973345 0.026655
0.984684 0.015316
0.934146 0.065854
0.982455 0.017545
0.978097 0.021903
0.999990 0.000010
0.982849 0.017151
0.939017 0.060983
0.984060 0.015940
0.954738 0.045262
0.982884 0.017116
0.999990 0.000010
0.952178 0.047822
0.944404 0.055596
0.996165 0.003835
0.956560 0.043440
0.976764 0.023236
0.984379 0.015621
0.997736 0.002264
0.999903 0.000097
0.938238 0.061762
0.999250 0.000750
0.991581 0.008419
0.942928 0.057072
0.999990 0.000010
0.859202 0.140798
0.992943 0.007057
0.912243 0.087757
0.994453 0.005547
0.988594 0.011406
0.977527 0.022473
0.982522 0.017478
0.982056 0.017944
0.993893 0.006107
0.999990 0.000010
0.962409 0.037591
0.951425 0.048575
0.992880 0.007120
0.976262 0.023738
0.941897 0.058103
0.999990 0.000010
0.999990 0.000010
0.981391 0.018609
0.291498 0.708502
0.943332 0.056668
0.993202 0.006798
0.973310 0.026690
0.987534 0.012466
0.999990 0.000010
0.998300 0.001700
0.993402 0.006598
0.886574 0.113426
0.946603 0.053397
0.938432 0.061568
0.940860 0.059140
0.966983 0.033017
0.982368 0.017632
0.989931 0.010069
0.993815 0.006185
0.984809 0.015191
0.991756 0.008244
0.834284 0.165716
0.976846 0.023154
0.969033 0.030967
0.303017 0.696983
0.999990 0.000010
0.974391 0.025609
0.978728 0.021272
0.999990 0.000010
0.926952 0.073048
0.846136 0.153864
0.912211 0.087789
0.855223 0.144777
0.903645 0.096355
0.924882 0.075118
0.824304 0.175696
0.887811 0.112189
0.998722 0.001278
0.318342 0.681658
0.948809 0.051191
0.286935 0.713065
0.999990 0.000010
0.985901 0.014099
0.947286 0.052714
0.298409 0.701591
0.970752 0.029248
0.878204 0.121796
0.939597 0.060403
0.844159 0.155841
0.837458 0.162542
0.908723 0.091277
0.970786 0.029214
0.999990 0.000010
0.865286 0.134714
0.301729 0.698271
0.899578 0.100422
0.908276 0.091724
0.970175 0.029825
0.918150 0.081850
0.999990 0.000010
0.905772 0.094228
0.901062 0.098938
0.997684 0.002316
0.924282 0.075718
0.945931 0.054069
0.979349 0.020651
0.943495 0.056505
0.324151 0.675849
0.941776 0.058224
0.824536 0.175464
0.846332 0.153668
0.853867 0.146133
0.937387 0.062613
0.318427 0.681573
0.847775 0.152225
0.999990 0.000010
0.872533 0.127467
0.289538 0.710462
0.912763 0.087237
0.939752 0.060248
0.999990 0.000010
0.999990 0.000010
0.999990 0.000010
0.999990 0.000010
0.999990 0.000010
0.999990 0.000010
0.912407 0.087593
0.999990 0.000010
0.953205 0.046795
0.933772 0.066228
0.999990 0.000010
0.999990 0.000010
0.999990 0.000010
0.999990 0.000010
0.964236 0.035764
