0.942995 0.057005
0.950609 0.049391
0.972207 0.027793
0.943618 0.056382
0.931674 0.068326
0.944011 0.055989
0.926197 0.073803
0.976136 0.023864
0.950896 0.049104
0.928412 0.071588
0.947400 0.052600
0.932082 0.067918
0.946954 0.053046
0.983766 0.016234
0.946588 0.053412
0.969502 0.030498
0.922055 0.077945
0.894128 0.105872
0.943422 0.056578
0.954252 0.045748
0.947032 0.052968
0.999714 0.000286
0.946819 0.053181
0.954604 0.045396
0.909505 0.090495
0.940332 0.059668
0.639082 0.360918
0.622274 0.377726
0.616732 0.383268
0.642448 0.357552
0.641160 0.358840
0.641540 0.358460
0.627042 0.372958
0.657607 0.342393
0.621644 0.378356
0.648931 0.351069
0.634822 0.365178
0.679026 0.320974
0.626667 0.373333
0.619516 0.380484
0.646198 0.353802
0.654603 0.345397
0.573052 0.426948
0.985092 0.014908
0.602255 0.397745
0.587242 0.412758
0.643819 0.356181
0.972256 0.027744
0.581180 0.418820
0.644561 0.355439
0.164249 0.835751
0.162269 0.837731
0.167845 0.832155
0.151826 0.848174
0.164632 0.835368
0.155068 0.844932
0.151798 0.848202
0.181025 0.818975
0.142317 0.857683
0.155926 0.844074
0.148766 0.851234
0.165721 0.834279
0.159381 0.840619
0.150911 0.849089
0.168392 0.831608
0.150043 0.849957
0.201719 0.798281
0.147663 0.852337
0.151050 0.848950
0.148403 0.851597
0.159187 0.840813
0.153258 0.846742
0.122764 0.877236
0.213415 0.786585
0.194961 0.805039
0.132046 0.867954
0.134036 0.865964
0.141651 0.858349
0.198572 0.801428
0.149309 0.850691
0.144015 0.855985
0.131570 0.868430
0.133412 0.866588
0.149752 0.850248
0.134842 0.865158
0.141232 0.858768
0.191372 0.808628
0.186282 0.813718
0.185707 0.814293
0.163154 0.836846
0.179260 0.820740
0.571463 0.428537
0.578038 0.421962
0.541042 0.458958
0.560782 0.439218
0.523809 0.476191
0.562594 0.437406
0.553884 0.446116
0.543402 0.456598
0.534428 0.465572
0.560314 0.439686
0.558593 0.441407
0.527709 0.472291
0.553371 0.446629
0.543995 0.456005
0.119574 0.880426
0.120956 0.879044
0.136804 0.863196
0.133869 0.866131
0.142549 0.857451
0.122443 0.877557
0.153973 0.846027
0.134830 0.865170
0.133720 0.866280
0.134511 0.865489
0.122410 0.877590
0.150112 0.849888
0.126873 0.873127
0.134195 0.865805
0.125169 0.874831
0.140623 0.859377
0.139578 0.860422
0.134243 0.865757
0.138198 0.861802
0.137962 0.862038
0.240188 0.759812
0.241234 0.758766
0.222397 0.777603
0.210561 0.789439
0.219999 0.780001
0.238631 0.761369
0.207886 0.792114
0.223897 0.776103
0.222110 0.777890
0.237594 0.762406
0.246692 0.753308
0.247636 0.752364
0.243291 0.756709
0.220667 0.779333
0.211611 0.788389
0.274211 0.725789
0.240787 0.759213
0.241614 0.758386
0.154886 0.845114
0.236905 0.763095
0.192030 0.807970
0.223977 0.776023
0.193600 0.806400
0.211718 0.788282
0.225955 0.774045
0.210629 0.789371
0.233264 0.766736
0.176103 0.823897
0.168992 0.831008
0.215410 0.784590
0.216387 0.783613
0.222145 0.777855
0.189505 0.810495
0.231347 0.768653
0.177212 0.822788
0.196519 0.803481
0.231271 0.768729
0.185412 0.814588
0.170804 0.829196
0.190611 0.809389
0.175766 0.824234
0.195705 0.804295
0.186995 0.813005
0.189301 0.810699
0.174363 0.825637
0.191334 0.808666
0.192460 0.807540
0.199431 0.800569
0.217483 0.782517
0.203554 0.796446
0.176466 0.823534
0.181714 0.818286
0.197697 0.802303
0.197211 0.802789
0.188035 0.811965
0.314655 0.685345
0.285147 0.714853
0.319773 0.680227
0.309741 0.690259
0.296053 0.703947
0.300771 0.699229
0.318884 0.681116
0.288333 0.711667
0.320885 0.679115
0.328158 0.671842
0.298413 0.701587
0.292423 0.707577
0.309995 0.690005
0.299384 0.700616
0.321439 0.678561
0.304927 0.695073
0.307185 0.692815
0.314489 0.685511
0.284032 0.715968
0.284324 0.715676
0.306208 0.693792
0.295563 0.704437
0.305400 0.694600
0.000010 0.999990
0.007281 0.992719
0.018005 0.981995
0.018397 0.981603
0.000805 0.999195
0.007315 0.992685
0.000010 0.999990
0.010807 0.989193
0.000010 0.999990
0.002709 0.997291
0.002519 0.997481
0.000010 0.999990
0.006906 0.993094
0.013072 0.986928
0.021639 0.978361
0.002534 0.997466
0.017686 0.982314
0.000649 0.999351
0.020842 0.979158
0.012251 0.987749
0.016319 0.983681
0.017077 0.982923
0.000010 0.999990
0.015193 0.984807
0.013065 0.986935
0.008775 0.991225
0.000010 0.999990
0.018078 0.981922
0.000010 0.999990
0.014982 0.985018
0.014962 0.985038
0.013217 0.986783
0.001860 0.998140
0.011006 0.988994
0.018212 0.981788
0.002353 0.997647
0.013871 0.986129
0.006293 0.993707
0.019067 0.980933
0.019598 0.980402
0.006948 0.993052
0.000010 0.999990
0.002767 0.997233
0.021753 0.978247
0.019081 0.980919
0.000010 0.999990
0.013589 0.986411
0.030431 0.969569
0.008318 0.991682
0.000010 0.999990
0.019501 0.980499
0.001109 0.998891
0.014468 0.985532
0.014519 0.985481
0.006192 0.993808
0.011596 0.988404
0.009586 0.990414
0.005238 0.994762
0.000010 0.999990
0.019040 0.980960
0.006968 0.993032
0.028239 0.971761
0.012197 0.987803
0.019414 0.980586
0.025213 0.974787
0.009685 0.990315
0.037480 0.962520
0.005901 0.994099
0.061979 0.938021
0.013382 0.986618
0.035431 0.964569
0.040886 0.959114
0.038555 0.961445
0.019489 0.980511
0.012195 0.987805
0.032679 0.967321
0.040318 0.959682
0.031612 0.968388
0.021638 0.978362
0.009473 0.990527
0.036827 0.963173
0.036646 0.963354
0.048283 0.951717
0.035199 0.964801
0.008646 0.991354
0.001855 0.998145
0.043275 0.956725
0.047952 0.952048
0.049620 0.950380
0.026709 0.973291
0.040982 0.959018
0.051989 0.948011
0.022620 0.977380
0.052563 0.947437
0.013935 0.986065
0.019552 0.980448
0.011597 0.988403
0.026092 0.973908
0.037376 0.962624
0.049630 0.950370
0.043179 0.956821
0.021794 0.978206
0.012211 0.987789
0.018542 0.981458
0.023346 0.976654
0.022687 0.977313
0.042101 0.957899
0.000010 0.999990
0.000010 0.999990
0.000010 0.999990
0.000010 0.999990
0.000010 0.999990
0.000010 0.999990
0.000010 0.999990
0.000010 0.999990
0.000010 0.999990
0.035633 0.964367
0.021804 0.978196
0.018228 0.981772
0.023758 0.976242
0.040496 0.959504
0.048059 0.951941
0.038407 0.961593
0.033230 0.966770
0.046240 0.953760
0.011119 0.988881
0.026206 0.973794
0.017391 0.982609
0.023035 0.976965
0.039899 0.960101
0.006370 0.993630
0.021977 0.978023
0.024581 0.975419
0.027461 0.972539
0.013267 0.986733
0.034596 0.965404
0.015887 0.984113
0.890153 0.109847
0.933520 0.066480
0.870529 0.129471
0.929497 0.070503
0.891075 0.108925
0.930078 0.069922
0.901775 0.098225
0.880742 0.119258
0.032139 0.967861
0.024051 0.975949
0.033764 0.966236
0.027322 0.972678
0.028574 0.971426
0.026645 0.973355
0.034956 0.965044
0.039772 0.960228
0.021937 0.978063
0.026404 0.973596
0.037409 0.962591
0.025125 0.974875
0.036361 0.963639
0.026498 0.973502
0.042642 0.957358
0.033494 0.966506
0.024775 0.975225
0.059867 0.940133
0.999990 0.000010
0.999990 0.000010
0.999990 0.000010
0.999990 0.000010
0.999990 0.000010
0.999990 0.000010
0.999990 0.000010
0.999990 0.000010
0.999990 0.000010
0.999990 0.000010
0.999990 0.000010
0.999990 0.000010
0.999990 0.000010
0.999990 0.000010
0.999990 0.000010
0.999990 0.000010
0.999990 0.000010
0.999990 0.000010
0.999990 0.000010
0.999990 0.000010
0.999990 0.000010
0.999990 0.000010
0.999990 0.000010
0.999990 0.000010
0.999990 0.000010
0.999990 0.000010
0.999990 0.000010
0.999990 0.000010
0.999990 0.000010
0.999990 0.000010
0.999990 0.000010
0.999990 0.000010
0.999990 0.000010
0.999990 0.000010
0.999990 0.000010
0.999990 0.000010
0.999990 0.000010
0.999990 0.000010
0.999990 0.000010
0.999990 0.000010
0.023971 0.976029
0.025440 0.974560
0.017796 0.982204
0.009748 0.990252
0.021780 0.978220
0.022224 0.977776
0.009652 0.990348
0.009357 0.990643
0.015814 0.984186
0.000010 0.999990
0.005174 0.994826
0.013307 0.986693
0.000010 0.999990
0.999990 0.000010
0.999990 0.000010
0.999990 0.000010
0.999990 0.000010
0.999990 0.000010
0.999990 0.000010
0.999990 0.000010
0.999990 0.000010
0.999990 0.000010
0.999990 0.000010
0.999990 0.000010
0.999990 0.000010
0.093060 0.906940
0.105193 0.894807
0.136446 0.863554
0.114488 0.885512
0.075223 0.924777
0.116199 0.883801
0.088111 0.911889
0.096470 0.903530
0.111890 0.888110
0.114615 0.885385
0.112163 0.887837
0.120313 0.879687
0.114269 0.885731
0.136636 0.863364
0.119261 0.880739
0.107158 0.892842
0.124955 0.875045
0.103486 0.896514
0.080137 0.919863
0.114810 0.885190
0.122908 0.877092
0.108451 0.891549
0.899951 0.100049
0.900652 0.099348
0.872189 0.127811
0.826736 0.173264
0.814660 0.185340
0.911389 0.088611
0.890804 0.109196
0.907690 0.092310
0.924602 0.075398
0.906416 0.093584
0.843808 0.156192
0.931406 0.068594
0.894713 0.105287
0.915845 0.084155
0.901115 0.098885
0.883824 0.116176
0.904707 0.095293
0.870585 0.129415
0.901530 0.098470
0.857796 0.142204
0.999990 0.000010
0.999990 0.000010
0.999990 0.000010
0.999990 0.000010
0.999990 0.000010
0.999990 0.000010
0.999990 0.000010
0.999990 0.000010
0.999990 0.000010
0.999990 0.000010
0.000010 0.999990
0.000010 0.999990
0.000010 0.999990
0.000010 0.999990
0.000010 0.999990
0.000010 0.999990
0.000010 0.999990
0.000010 0.999990
0.000010 0.999990
0.000010 0.999990
0.000010 0.999990
0.000010 0.999990
0.000010 0.999990
0.000010 0.999990
0.000010 0.999990
0.000010 0.999990
0.000010 0.999990
0.000010 0.999990
0.999990 0.000010
0.999990 0.000010
0.999990 0.000010
0.999990 0.000010
0.999990 0.000010
0.999990 0.000010
0.999990 0.000010
0.999990 0.000010
0.999990 0.000010
0.999990 0.000010
0.000010 0.999990
0.000010 0.999990
0.000010 0.999990
0.000010 0.999990
0.000010 0.999990
0.000010 0.999990
0.006743 0.993257
0.000010 0.999990
0.000010 0.999990
0.000010 0.999990
0.000010 0.999990
0.000010 0.999990
0.010337 0.989663
0.002162 0.997838
0.007624 0.992376
0.000010 0.999990
0.005011 0.994989
0.000010 0.999990
0.000010 0.999990
0.001660 0.998340
0.999990 0.000010
0.999990 0.000010
0.999990 0.000010
0.999990 0.000010
0.996357 0.003643
0.999990 0.000010
0.999990 0.000010
0.998605 0.001395
0.999990 0.000010
0.999990 0.000010
0.999990 0.000010
0.999990 0.000010
0.999990 0.000010
0.999990 0.000010
0.999990 0.000010
0.999990 0.000010
0.999990 0.000010
0.999990 0.000010
0.999990 0.000010
0.999990 0.000010
0.999990 0.000010
0.983815 0.016185
0.969365 0.030635
0.975583 0.024417
0.970023 0.029977
0.999990 0.000010
0.999990 0.000010
0.995764 0.004236
0.964236 0.035764
0.991261 0.008739
0.958045 0.041955
0.956321 0.043679
0.971256 0.028744
0.969816 0.030184
0.980639 0.019361
0.985133 0.014867
0.979998 0.020002
0.984587 0.015413
0.961036 0.038964
0.976192 0.023808
0.943347 0.056653
0.971128 0.028872
0.981979 0.018021
0.953967 0.046033
0.999990 0.000010
0.980509 0.019491
0.998123 0.001877
0.980913 0.019087
0.989279 0.010721
0.999990 0.000010
0.997480 0.002520
0.998992 0.001008
0.966571 0.033429
0.978865 0.021135
0.992113 0.007887
0.930644 0.069356
0.982494 0.017506
0.952298 0.047702
0.999990 0.000010
0.053647 0.946353
0.046206 0.953794
0.044773 0.955227
0.059369 0.940631
0.050422 0.949578
0.038296 0.961704
0.067023 0.932977
0.067908 0.932092
0.031469 0.968531
0.043506 0.956494
0.040867 0.959133
0.044845 0.955155
0.046174 0.953826
0.067780 0.932220
0.054658 0.945342
0.062993 0.937007
0.060365 0.939635
0.041359 0.958641
0.058456 0.941544
0.033677 0.966323
0.035411 0.964589
0.993567 0.006433
0.987974 0.012026
0.989769 0.010231
0.999990 0.000010
0.999990 0.000010
0.999990 0.000010
0.986429 0.013571
0.999990 0.000010
0.998262 0.001738
0.972237 0.027763
0.521852 0.478148
0.496525 0.503475
0.562437 0.437563
0.519227 0.480773
0.543730 0.456270
0.629575 0.370425
0.499000 0.501000
0.613211 0.386789
0.582066 0.417934
0.566926 0.433074
0.999990 0.000010
0.999990 0.000010
0.999990 0.000010
0.999990 0.000010
0.999990 0.000010
0.999990 0.000010
0.999990 0.000010
0.999990 0.000010
0.999990 0.000010
0.999990 0.000010
0.999990 0.000010
0.999990 0.000010
0.999990 0.000010
0.999990 0.000010
0.999903 0.000097
0.999990 0.000010
0.999990 0.000010
0.999990 0.000010
0.999990 0.000010
0.999990 0.000010
0.999990 0.000010
0.999990 0.000010
0.999990 0.000010
0.999990 0.000010
0.999990 0.000010
0.999990 0.000010
0.999990 0.000010
0.999990 0.000010
0.999990 0.000010
0.999990 0.000010
0.999990 0.000010
0.999990 0.000010
0.999990 0.000010
0.999990 0.000010
0.999990 0.000010
0.999990 0.000010
0.999990 0.000010
0.945660 0.054340
0.924130 0.075870
0.963229 0.036771
0.922555 0.077445
0.949536 0.050464
0.955558 0.044442
0.925347 0.074653
0.956830 0.043170
0.955265 0.044735
0.929180 0.070820
0.000010 0.999990
0.001079 0.998921
0.007028 0.992972
0.000010 0.999990
0.000010 0.999990
0.000010 0.999990
0.000010 0.999990
0.000010 0.999990
0.000010 0.999990
0.000010 0.999990
0.000010 0.999990
0.000010 0.999990
0.013131 0.986869
0.000010 0.999990
0.000010 0.999990
0.000010 0.999990
0.000010 0.999990
0.000010 0.999990
0.000010 0.999990
0.000010 0.999990
0.107710 0.892290
0.054189 0.945811
0.066879 0.933121
0.082428 0.917572
0.062449 0.937551
0.050110 0.949890
0.109156 0.890844
0.090137 0.909863
0.055603 0.944397
0.056879 0.943121
0.062759 0.937241
0.074187 0.925813
0.068075 0.931925
0.042522 0.957478
0.108144 0.891856
0.916029 0.083971
0.926130 0.073870
0.936488 0.063512
0.924069 0.075931
0.928402 0.071598
0.929964 0.070036
0.958493 0.041507
0.954640 0.045360
0.969511 0.030489
0.948042 0.051958
0.935468 0.064532
0.943302 0.056698
0.927937 0.072063
0.953663 0.046337
0.952809 0.047191
0.927055 0.072945
0.935008 0.064992
0.959238 0.040762
0.947771 0.052229
0.961622 0.038378
0.923089 0.076911
0.943531 0.056469
0.955491 0.044509
0.964112 0.035888
0.972758 0.027242
0.938893 0.061107
0.950504 0.049496
0.688179 0.311821
0.682066 0.317934
0.679279 0.320721
0.682138 0.317862
0.680368 0.319632
0.670708 0.329292
0.688973 0.311027
0.692555 0.307445
0.667268 0.332732
0.691929 0.308071
0.679038 0.320962
0.403731 0.596269
0.435276 0.564724
0.440756 0.559244
0.437255 0.562745
0.448806 0.551194
0.433304 0.566696
0.437957 0.562043
0.443802 0.556198
0.430225 0.569775
0.446053 0.553947
0.445023 0.554977
0.457956 0.542044
0.452683 0.547317
0.278725 0.721275
0.288449 0.711551
0.293124 0.706876
0.278518 0.721482
0.244895 0.755105
0.295911 0.704089
0.285911 0.714089
0.276733 0.723267
0.283050 0.716950
0.272386 0.727614
0.281185 0.718815
0.271408 0.728592
0.293268 0.706732
0.277626 0.722374
0.280879 0.719121
0.656462 0.343538
0.646239 0.353761
0.642605 0.357395
0.649153 0.350847
0.642710 0.357290
0.652111 0.347889
0.635522 0.364478
0.640283 0.359717
0.649382 0.350618
0.652478 0.347522
0.634084 0.365916
0.636849 0.363151
0.364422 0.635578
0.406176 0.593824
0.375817 0.624183
0.395043 0.604957
0.403163 0.596837
0.378892 0.621108
0.367651 0.632349
0.380010 0.619990
0.351597 0.648403
0.377211 0.622789
0.369394 0.630606
0.375444 0.624556
0.379532 0.620468
0.418829 0.581171
0.406181 0.593819
0.413878 0.586122
0.426317 0.573683
0.397196 0.602804
0.403358 0.596642
0.391069 0.608931
0.422159 0.577841
0.425521 0.574479
0.422347 0.577653
0.398456 0.601544
0.437919 0.562081
0.413303 0.586697
0.234834 0.765166
0.062047 0.937953
0.044291 0.955709
0.067708 0.932292
0.039765 0.960235
0.055759 0.944241
0.023616 0.976384
0.019272 0.980728
0.000010 0.999990
0.119522 0.880478
0.048843 0.951157
0.027404 0.972596
0.033587 0.966413
0.025517 0.974483
0.065485 0.934515
0.042882 0.957118
0.040343 0.959657
0.123885 0.876115
0.014449 0.985551
0.037702 0.962298
0.007714 0.992286
0.020104 0.979896
0.014108 0.985892
0.020520 0.979480
0.013370 0.986630
0.000010 0.999990
0.000010 0.999990
0.000010 0.999990
0.014171 0.985829
0.000827 0.999173
0.010724 0.989276
0.005603 0.994397
0.003214 0.996786
0.000010 0.999990
0.010881 0.989119
0.000010 0.999990
0.002910 0.997090
0.012543 0.987457
0.015550 0.984450
0.009789 0.990211
0.012542 0.987458
0.005717 0.994283
0.010601 0.989399
0.015299 0.984701
0.021493 0.978507
0.013900 0.986100
0.033302 0.966698
0.071907 0.928093
0.104826 0.895174
0.065305 0.934695
0.034289 0.965711
0.024534 0.975466
0.000304 0.999696
0.024837 0.975163
0.018485 0.981515
0.011372 0.988628
0.084779 0.915221
0.094336 0.905664
0.000010 0.999990
0.076924 0.923076
0.003496 0.996504
0.032448 0.967552
0.098972 0.901028
0.032289 0.967711
0.026015 0.973985
0.032646 0.967354
0.036530 0.963470
0.034089 0.965911
0.062410 0.937590
0.029226 0.970774
0.033585 0.966415
0.028507 0.971493
0.011768 0.988232
0.105712 0.894288
0.010721 0.989279
0.037765 0.962235
0.011950 0.988050
0.041664 0.958336
0.050393 0.949607
0.010969 0.989031
0.059864 0.940136
0.017637 0.982363
0.040985 0.959015
0.003975 0.996025
0.035971 0.964029
0.020366 0.979634
0.031151 0.968849
0.025379 0.974621
0.076797 0.923203
0.065878 0.934122
0.005169 0.994831
0.011624 0.988376
0.051868 0.948132
0.087421 0.912579
0.027073 0.972927
0.011613 0.988387
0.022731 0.977269
0.035769 0.964231
0.034543 0.965457
0.081944 0.918056
0.024013 0.975987
0.014622 0.985378
0.015339 0.984661
0.043694 0.956306
0.006323 0.993677
0.028206 0.971794
0.029278 0.970722
0.070137 0.929863
0.049412 0.950588
0.095862 0.904138
0.050233 0.949767
0.013732 0.986268
0.063812 0.936188
0.049912 0.950088
0.002551 0.997449
0.019421 0.980579
0.013737 0.986263
0.055526 0.944474
0.057480 0.942520
0.058326 0.941674
0.043537 0.956463
0.019715 0.980285
0.055654 0.944346
0.043860 0.956140
0.027958 0.972042
0.094169 0.905831
0.125198 0.874802
0.023811 0.976189
0.102121 0.897879
0.056789 0.943211
0.029229 0.970771
0.007006 0.992994
0.058259 0.941741
0.234466 0.765534
0.077839 0.922161
0.111367 0.888633
0.025472 0.974528
0.105076 0.894924
0.066960 0.933040
0.045881 0.954119
0.041018 0.958982
0.021218 0.978782
0.065315 0.934685
0.087147 0.912853
0.288301 0.711699
0.225466 0.774534
0.094917 0.905083
0.010976 0.989024
0.012087 0.987913
0.121691 0.878309
0.056447 0.943553
0.041664 0.958336
0.019794 0.980206
0.015096 0.984904
0.315416 0.684584
0.816178 0.183822
0.104434 0.895566
0.018233 0.981767
0.002190 0.997810
0.108680 0.891320
0.051942 0.948058
0.042551 0.957449
0.016728 0.983272
0.016654 0.983346
0.046457 0.953543
0.087097 0.912903
0.369176 0.630824
0.821046 0.178954
0.112244 0.887756
0.028382 0.971618
0.113530 0.886470
0.097106 0.902894
0.043022 0.956978
0.029561 0.970439
0.019518 0.980482
0.070250 0.929750
0.060085 0.939915
0.064935 0.935065
0.256404 0.743596
0.793961 0.206039
0.119560 0.880440
0.013296 0.986704
0.100684 0.899316
0.106224 0.893776
0.075733 0.924267
0.027707 0.972293
0.003712 0.996288
0.048702 0.951298
0.066386 0.933614
0.080073 0.919927
0.250534 0.749466
0.838876 0.161124
0.088527 0.911473
0.010447 0.989553
0.102153 0.897847
0.063749 0.936251
0.030427 0.969573
0.000010 0.999990
0.063098 0.936902
0.017069 0.982931
0.100887 0.899113
0.239285 0.760715
0.818010 0.181990
0.088408 0.911592
0.031528 0.968472
0.084008 0.915992
0.060874 0.939126
0.044187 0.955813
0.021228 0.978772
0.020182 0.979818
0.067849 0.932151
0.093985 0.906015
0.102083 0.897917
0.259465 0.740535
0.832381 0.167619
0.859554 0.140446
0.754493 0.245507
0.839641 0.160359
0.937481 0.062519
0.700953 0.299047
0.033120 0.966880
0.028234 0.971766
0.042581 0.957419
0.103840 0.896160
0.263980 0.736020
0.451188 0.548812
0.836593 0.163407
0.738626 0.261374
0.821179 0.178821
0.792487 0.207513
0.021549 0.978451
0.045846 0.954154
0.070595 0.929405
0.106464 0.893536
0.295802 0.704198
0.493811 0.506189
0.821306 0.178694
0.745401 0.254599
0.872078 0.127922
0.876815 0.123185
0.054195 0.945805
0.051617 0.948383
0.047877 0.952123
0.125739 0.874261
0.283573 0.716427
0.447326 0.552674
0.819179 0.180821
0.835980 0.164020
0.561191 0.438809
0.703569 0.296431
0.026804 0.973196
0.062184 0.937816
0.125999 0.874001
0.088069 0.911931
0.265328 0.734672
0.562943 0.437057
0.724458 0.275542
0.849825 0.150175
0.840571 0.159429
0.377242 0.622758
0.676102 0.323898
0.048137 0.951863
0.042388 0.957612
0.089005 0.910995
0.092779 0.907221
0.283040 0.716960
0.461097 0.538903
0.758980 0.241020
0.866936 0.133064
0.856254 0.143746
0.659239 0.340761
0.049816 0.950184
0.100524 0.899476
0.243328 0.756672
0.288660 0.711340
0.333704 0.666296
0.721441 0.278559
0.852941 0.147059
0.843656 0.156344
0.609138 0.390862
0.048202 0.951798
0.048536 0.951464
0.105441 0.894559
0.279806 0.720194
0.238312 0.761688
0.326365 0.673635
0.774015 0.225985
0.810487 0.189513
0.791352 0.208648
0.768858 0.231142
0.045181 0.954819
0.028563 0.971437
0.039942 0.960058
0.083856 0.916144
0.250848 0.749152
0.503155 0.496845
0.351878 0.648122
0.447070 0.552930
0.170834 0.829166
0.149689 0.850311
0.147954 0.852046
0.411469 0.588531
0.206505 0.793495
0.157637 0.842363
0.358446 0.641554
0.197652 0.802348
0.253772 0.746228
0.021560 0.978440
0.198816 0.801184
0.308357 0.691643
0.064131 0.935869
0.480029 0.519971
0.179315 0.820685
0.320447 0.679553
0.320347 0.679653
0.999990 0.000010
0.999990 0.000010
0.999990 0.000010
0.025792 0.974208
0.015979 0.984021
0.043829 0.956171
0.014264 0.985736
0.000010 0.999990
0.999990 0.000010
0.999990 0.000010
0.999990 0.000010
0.999990 0.000010
0.021451 0.978549
0.022451 0.977549
0.012371 0.987629
0.022571 0.977429
0.000010 0.999990
0.999990 0.000010
0.999990 0.000010
0.999990 0.000010
0.999990 0.000010
0.019429 0.980571
0.028695 0.971305
0.012926 0.987074
0.005192 0.994808
0.025458 0.974542
0.999990 0.000010
0.999990 0.000010
0.999990 0.000010
0.026477 0.973523
0.000010 0.999990
0.000010 0.999990
0.023325 0.976675
0.006089 0.993911
0.999990 0.000010
0.999990 0.000010
0.108447 0.891553
0.023298 0.976702
0.017906 0.982094
0.014235 0.985765
0.021009 0.978991
0.011474 0.988526
0.999990 0.000010
0.999990 0.000010
0.015776 0.984224
0.035729 0.964271
0.032836 0.967164
0.000010 0.999990
0.999990 0.000010
0.999990 0.000010
0.999990 0.000010
0.067630 0.932370
0.027316 0.972684
0.001419 0.998581
0.022088 0.977912
0.008763 0.991237
0.999990 0.000010
0.999990 0.000010
0.999990 0.000010
0.025400 0.974600
0.008077 0.991923
0.013161 0.986839
0.023243 0.976757
0.008672 0.991328
0.999990 0.000010
0.015501 0.984499
0.012953 0.987047
0.012580 0.987420
0.018097 0.981903
0.000010 0.999990
0.000010 0.999990
0.008907 0.991093
0.008203 0.991797
0.000010 0.999990
0.003683 0.996317
0.000010 0.999990
0.004048 0.995952
0.013059 0.986941
0.000010 0.999990
0.003611 0.996389
0.008446 0.991554
0.010344 0.989656
0.000010 0.999990
0.000010 0.999990
0.000010 0.999990
0.000010 0.999990
0.000010 0.999990
0.000010 0.999990
0.000010 0.999990
0.002975 0.997025
0.000010 0.999990
0.000010 0.999990
0.011356 0.988644
0.009846 0.990154
0.000010 0.999990
0.014904 0.985096
0.000010 0.999990
0.000010 0.999990
0.006080 0.993920
0.002962 0.997038
0.000010 0.999990
0.019029 0.980971
0.023705 0.976295
0.007274 0.992726
0.020705 0.979295
0.000010 0.999990
0.007263 0.992737
0.000010 0.999990
0.002493 0.997507
0.118946 0.881054
0.085755 0.914245
0.092983 0.907017
0.090256 0.909744
0.013672 0.986328
0.107102 0.892898
0.007093 0.992907
0.084252 0.915748
0.081076 0.918924
0.106763 0.893237
0.000010 0.999990
0.003748 0.996252
0.000010 0.999990
0.001760 0.998240
0.000010 0.999990
0.000010 0.999990
0.009899 0.990101
0.000010 0.999990
0.000010 0.999990
0.000010 0.999990
0.003370 0.996630
0.010866 0.989134
0.000010 0.999990
0.000010 0.999990
0.012733 0.987267
0.000256 0.999744
0.012204 0.987796
0.011660 0.988340
0.000010 0.999990
0.021586 0.978414
0.006742 0.993258
0.008764 0.991236
0.998924 0.001076
0.983557 0.016443
0.979072 0.020928
0.999990 0.000010
0.980887 0.019113
0.987236 0.012764
0.994182 0.005818
0.987743 0.012257
0.001759 0.998241
0.000010 0.999990
0.003539 0.996461
0.000712 0.999288
0.008090 0.991910
0.375731 0.624269
0.280971 0.719029
0.368096 0.631904
0.363688 0.636312
0.373066 0.626934
0.007459 0.992541
0.429276 0.570724
0.427570 0.572430
0.420283 0.579717
0.376285 0.623715
0.336802 0.663198
0.340484 0.659516
0.428986 0.571014
0.415993 0.584007
0.438262 0.561738
0.428546 0.571454
0.885661 0.114339
0.979162 0.020838
0.854839 0.145161
0.845303 0.154697
0.957872 0.042128
0.843427 0.156573
0.915795 0.084205
0.858970 0.141030
0.877905 0.122095
0.863453 0.136547
0.017844 0.982156
0.011038 0.988962
0.000010 0.999990
0.762966 0.237034
0.046008 0.953992
0.010396 0.989604
0.009741 0.990259
0.021283 0.978717
0.021002 0.978998
0.793520 0.206480
0.022256 0.977744
0.011741 0.988259
0.739613 0.260387
0.006832 0.993168
0.001399 0.998601
0.018843 0.981157
0.701044 0.298956
0.934191 0.065809
0.012387 0.987613
0.930386 0.069614
0.005134 0.994866
0.024876 0.975124
0.834953 0.165047
0.831489 0.168511
0.064057 0.935943
0.000010 0.999990
0.015731 0.984269
0.022769 0.977231
0.020998 0.979002
0.007361 0.992639
0.922408 0.077592
0.857881 0.142119
0.001853 0.998147
0.007644 0.992356
0.000010 0.999990
0.032173 0.967827
0.015762 0.984238
0.017070 0.982930
0.752750 0.247250
0.006704 0.993296
0.081630 0.918370
0.041556 0.958444
0.017264 0.982736
0.000113 0.999887
0.029783 0.970217
0.788600 0.211400
0.923221 0.076779
0.000010 0.999990
0.013698 0.986302
0.940903 0.059097
0.981095 0.018905
0.032568 0.967432
0.024273 0.975727
0.016460 0.983540
0.000010 0.999990
0.000309 0.999691
0.000010 0.999990
0.000010 0.999990
0.009025 0.990975
0.009021 0.990979
0.016584 0.983416
0.016507 0.983493
0.000010 0.999990
0.010857 0.989143
0.021035 0.978965
0.000010 0.999990
0.000010 0.999990
0.007197 0.992803
0.006811 0.993189
0.000010 0.999990
0.015880 0.984120
0.005359 0.994641
0.000010 0.999990
0.008085 0.991915
0.010392 0.989608
0.017333 0.982667
0.000010 0.999990
0.002299 0.997701
0.020364 0.979636
0.128579 0.871421
0.000010 0.999990
0.009861 0.990139
0.046527 0.953473
0.000010 0.999990
0.046279 0.953721
0.854933 0.145067
0.000010 0.999990
0.006499 0.993501
0.010899 0.989101
0.010603 0.989397
0.061164 0.938836
0.044159 0.955841
0.015014 0.984986
0.110012 0.889988
0.000010 0.999990
0.053067 0.946933
0.008146 0.991854
0.022222 0.977778
0.147615 0.852385
0.015696 0.984304
0.014420 0.985580
0.000010 0.999990
0.000010 0.999990
0.000010 0.999990
0.056566 0.943434
0.064326 0.935674
0.017851 0.982149
0.012337 0.987663
0.003375 0.996625
0.005414 0.994586
0.007458 0.992542
0.022857 0.977143
0.026528 0.973472
0.124319 0.875681
0.000010 0.999990
0.005282 0.994718
0.000010 0.999990
0.047031 0.952969
0.004808 0.995192
0.041071 0.958929
0.056482 0.943518
0.001161 0.998839
0.004575 0.995425
0.059166 0.940834
0.009543 0.990457
0.018827 0.981173
0.087898 0.912102
0.000010 0.999990
0.067979 0.932021
0.000010 0.999990
0.017631 0.982369
0.007289 0.992711
0.005233 0.994767
0.061744 0.938256
0.019819 0.980181
0.005843 0.994157
0.069160 0.930840
0.141902 0.858098
0.015322 0.984678
0.058372 0.941628
0.021536 0.978464
0.016939 0.983061
0.047840 0.952160
0.019644 0.980356
0.008345 0.991655
0.026655 0.973345
0.015316 0.984684
0.065853 0.934147
0.017545 0.982455
0.021902 0.978098
0.000010 0.999990
0.017150 0.982850
0.060982 0.939018
0.015939 0.984061
0.045261 0.954739
0.017116 0.982884
0.000010 0.999990
0.047821 0.952179
0.055596 0.944404
0.003835 0.996165
0.043440 0.956560
0.023236 0.976764
0.015621 0.984379
0.002263 0.997737
0.000097 0.999903
0.061762 0.938238
0.000750 0.999250
0.008419 0.991581
0.057071 0.942929
0.000010 0.999990
0.140798 0.859202
0.007056 0.992944
0.087757 0.912243
0.005546 0.994454
0.011406 0.988594
0.022473 0.977527
0.017477 0.982523
0.017943 0.982057
0.006106 0.993894
0.000010 0.999990
0.037591 0.962409
0.048575 0.951425
0.007120 0.992880
0.023738 0.976262
0.058103 0.941897
0.000010 0.999990
0.000010 0.999990
0.018608 0.981392
0.708502 0.291498
0.056667 0.943333
0.006798 0.993202
0.026689 0.973311
0.012466 0.987534
0.000010 0.999990
0.001699 0.998301
0.006597 0.993403
0.113426 0.886574
0.053397 0.946603
0.061568 0.938432
0.059140 0.940860
0.033016 0.966984
0.017632 0.982368
0.010068 0.989932
0.006184 0.993816
0.015190 0.984810
0.008244 0.991756
0.165715 0.834285
0.023153 0.976847
0.030967 0.969033
0.696983 0.303017
0.000010 0.999990
0.025608 0.974392
0.021272 0.978728
0.000010 0.999990
0.073048 0.926952
0.153863 0.846137
0.087788 0.912212
0.144776 0.855224
0.096355 0.903645
0.075118 0.924882
0.175696 0.824304
0.112188 0.887812
0.001278 0.998722
0.681658 0.318342
0.051190 0.948810
0.713065 0.286935
0.000010 0.999990
0.014099 0.985901
0.052713 0.947287
0.701591 0.298409
0.029248 0.970752
0.121796 0.878204
0.060402 0.939598
0.155841 0.844159
0.162542 0.837458
0.091277 0.908723
0.029214 0.970786
0.000010 0.999990
0.134714 0.865286
0.698270 0.301730
0.100421 0.899579
0.091723 0.908277
0.029824 0.970176
0.081849 0.918151
0.000010 0.999990
0.094227 0.905773
0.098937 0.901063
0.002315 0.997685
0.075718 0.924282
0.054068 0.945932
0.020651 0.979349
0.056504 0.943496
0.675849 0.324151
0.058223 0.941777
0.175464 0.824536
0.153668 0.846332
0.146133 0.853867
0.062613 0.937387
0.681573 0.318427
0.152224 0.847776
0.000010 0.999990
0.127466 0.872534
0.710462 0.289538
0.087236 0.912764
0.060247 0.939753
0.000010 0.999990
0.000010 0.999990
0.000010 0.999990
0.000010 0.999990
0.000010 0.999990
0.000010 0.999990
0.087592 0.912408
0.000010 0.999990
0.046795 0.953205
0.066227 0.933773
0.000010 0.999990
0.000010 0.999990
0.000010 0.999990
0.000010 0.999990
0.035763 0.964237
