Estimated Clustering Probabilities for Samples
Sample	***Cluster  01***	***Cluster  02***	***Cluster  03***	***Cluster  04***	***Cluster  05***	***Cluster  06***	***Cluster  07***	***Cluster  08***	
000001:	0.000220000000000	0.998230000000000	0.000570000000000	0.000360000000000	0.000110000000000	0.000340000000000	0.000160000000000	0.000010000000000		1
000002:	0.000000000000000	0.999850000000000	0.000000000000000	0.000040000000000	0.000110000000000	0.000000000000000	0.000000000000000	0.000000000000000		1
000003:	0.000000000000000	1.000000000000000	0.000000000000000	0.000000000000000	0.000000000000000	0.000000000000000	0.000000000000000	0.000000000000000		1
000004:	0.000160000000000	0.998510000000000	0.000210000000000	0.000100000000000	0.000220000000000	0.000060000000000	0.000390000000000	0.000350000000000		1
000005:	0.002620000000000	0.992800000000000	0.000210000000000	0.001530000000000	0.000850000000000	0.001050000000000	0.000300000000000	0.000640000000000		1
000006:	0.000040000000000	0.999850000000000	0.000000000000000	0.000000000000000	0.000000000000000	0.000110000000000	0.000000000000000	0.000000000000000		1
000007:	0.021950000000000	0.829460000000000	0.025730000000000	0.022750000000000	0.023320000000000	0.023930000000000	0.028880000000000	0.023980000000000		1
000008:	0.000000000000000	1.000000000000000	0.000000000000000	0.000000000000000	0.000000000000000	0.000000000000000	0.000000000000000	0.000000000000000		1
000009:	0.000640000000000	0.992540000000000	0.001230000000000	0.001000000000000	0.000760000000000	0.000520000000000	0.001710000000000	0.001600000000000		1
000010:	0.006390000000000	0.959840000000000	0.003090000000000	0.011670000000000	0.003170000000000	0.003990000000000	0.007440000000000	0.004410000000000		1
000011:	0.000210000000000	0.998910000000000	0.000000000000000	0.000280000000000	0.000470000000000	0.000000000000000	0.000090000000000	0.000040000000000		1
000012:	0.000000000000000	1.000000000000000	0.000000000000000	0.000000000000000	0.000000000000000	0.000000000000000	0.000000000000000	0.000000000000000		1
000013:	0.000070000000000	0.999930000000000	0.000000000000000	0.000000000000000	0.000000000000000	0.000000000000000	0.000000000000000	0.000000000000000		1
000014:	0.000000000000000	0.999580000000000	0.000000000000000	0.000120000000000	0.000000000000000	0.000000000000000	0.000000000000000	0.000300000000000		1
000015:	0.007380000000000	0.952880000000000	0.007530000000000	0.007630000000000	0.005260000000000	0.007150000000000	0.005770000000000	0.006400000000000		1
000016:	0.000000000000000	1.000000000000000	0.000000000000000	0.000000000000000	0.000000000000000	0.000000000000000	0.000000000000000	0.000000000000000		1
000017:	0.000110000000000	0.992060000000000	0.001410000000000	0.001190000000000	0.001330000000000	0.002790000000000	0.000480000000000	0.000630000000000		1
000018:	0.000620000000000	0.997110000000000	0.000510000000000	0.000610000000000	0.000240000000000	0.000180000000000	0.000210000000000	0.000520000000000		1
000019:	0.027910000000000	0.832450000000000	0.023550000000000	0.025230000000000	0.026720000000000	0.018660000000000	0.021460000000000	0.024020000000000		1
000020:	0.015870000000000	0.901100000000000	0.002710000000000	0.006700000000000	0.016330000000000	0.012740000000000	0.026130000000000	0.018420000000000		1
000021:	0.001710000000000	0.968600000000000	0.004290000000000	0.003900000000000	0.003420000000000	0.004950000000000	0.007010000000000	0.006120000000000		1
000022:	0.159380000000000	0.067760000000000	0.114240000000000	0.128650000000000	0.116070000000000	0.128730000000000	0.146420000000000	0.138750000000000		1
000023:	0.000000000000000	0.999400000000000	0.000110000000000	0.000120000000000	0.000000000000000	0.000000000000000	0.000000000000000	0.000370000000000		1
000024:	0.000000000000000	0.999910000000000	0.000000000000000	0.000080000000000	0.000000000000000	0.000000000000000	0.000010000000000	0.000000000000000		1
000025:	0.000000000000000	0.999670000000000	0.000110000000000	0.000000000000000	0.000220000000000	0.000000000000000	0.000000000000000	0.000000000000000		1
000026:	0.000220000000000	0.997880000000000	0.000640000000000	0.000690000000000	0.000380000000000	0.000000000000000	0.000020000000000	0.000170000000000		1
000027:	0.000060000000000	0.999870000000000	0.000050000000000	0.000000000000000	0.000000000000000	0.000000000000000	0.000020000000000	0.000000000000000		1
000028:	0.000000000000000	0.999360000000000	0.000000000000000	0.000070000000000	0.000270000000000	0.000000000000000	0.000020000000000	0.000280000000000		1
000029:	0.008790000000000	0.957750000000000	0.006210000000000	0.008460000000000	0.006640000000000	0.004530000000000	0.004350000000000	0.003270000000000		1
000030:	0.066410000000000	0.502150000000000	0.102240000000000	0.067420000000000	0.047120000000000	0.069030000000000	0.082330000000000	0.063300000000000		1
000031:	0.005730000000000	0.964420000000000	0.004400000000000	0.005130000000000	0.003720000000000	0.004830000000000	0.007920000000000	0.003850000000000		1
000032:	0.000000000000000	0.999760000000000	0.000000000000000	0.000000000000000	0.000240000000000	0.000000000000000	0.000000000000000	0.000000000000000		1
000033:	0.001850000000000	0.982170000000000	0.002800000000000	0.000580000000000	0.002660000000000	0.001820000000000	0.004520000000000	0.003600000000000		1
000034:	0.000340000000000	0.997310000000000	0.000000000000000	0.000000000000000	0.000000000000000	0.000000000000000	0.002310000000000	0.000040000000000		1
000035:	0.006650000000000	0.975150000000000	0.002250000000000	0.004810000000000	0.002000000000000	0.003870000000000	0.003020000000000	0.002250000000000		1
000036:	0.001230000000000	0.986910000000000	0.002440000000000	0.002010000000000	0.001840000000000	0.001350000000000	0.001570000000000	0.002650000000000		1
000037:	0.000000000000000	0.999970000000000	0.000000000000000	0.000030000000000	0.000000000000000	0.000000000000000	0.000000000000000	0.000000000000000		1
000038:	0.001400000000000	0.987960000000000	0.000860000000000	0.001630000000000	0.001380000000000	0.002290000000000	0.001670000000000	0.002810000000000		1
000039:	0.001970000000000	0.985250000000000	0.001170000000000	0.002540000000000	0.002210000000000	0.002040000000000	0.001700000000000	0.003120000000000		1
000040:	0.000000000000000	0.999670000000000	0.000000000000000	0.000190000000000	0.000000000000000	0.000100000000000	0.000040000000000	0.000000000000000		1
000041:	0.000260000000000	0.996050000000000	0.000200000000000	0.001960000000000	0.000080000000000	0.000720000000000	0.000190000000000	0.000540000000000		1
000042:	0.000000000000000	1.000000000000000	0.000000000000000	0.000000000000000	0.000000000000000	0.000000000000000	0.000000000000000	0.000000000000000		1
000043:	0.000460000000000	0.999530000000000	0.000000000000000	0.000000000000000	0.000000000000000	0.000000000000000	0.000000000000000	0.000010000000000		1
000044:	0.002270000000000	0.985810000000000	0.001450000000000	0.001330000000000	0.002600000000000	0.002430000000000	0.000960000000000	0.003150000000000		1
000045:	0.028420000000000	0.770290000000000	0.037980000000000	0.035040000000000	0.036590000000000	0.031980000000000	0.030540000000000	0.029160000000000		1
000046:	0.000000000000000	0.999950000000000	0.000050000000000	0.000000000000000	0.000000000000000	0.000000000000000	0.000000000000000	0.000000000000000		1
000047:	0.000570000000000	0.995760000000000	0.000410000000000	0.000270000000000	0.000780000000000	0.000430000000000	0.000000000000000	0.001780000000000		1
000048:	0.007690000000000	0.936480000000000	0.007060000000000	0.009300000000000	0.008570000000000	0.010070000000000	0.008160000000000	0.012670000000000		1
000049:	0.039800000000000	0.736360000000000	0.023770000000000	0.026670000000000	0.043850000000000	0.037880000000000	0.057570000000000	0.034100000000000		1
000050:	0.000660000000000	0.989700000000000	0.001470000000000	0.002000000000000	0.000890000000000	0.001160000000000	0.002140000000000	0.001980000000000		1
000051:	0.106650000000000	0.432730000000000	0.061920000000000	0.084490000000000	0.078400000000000	0.066660000000000	0.065580000000000	0.103570000000000		1
000052:	0.010810000000000	0.932050000000000	0.003280000000000	0.002860000000000	0.013800000000000	0.013070000000000	0.009120000000000	0.015010000000000		1
000053:	0.000000000000000	0.999910000000000	0.000000000000000	0.000000000000000	0.000000000000000	0.000000000000000	0.000000000000000	0.000090000000000		1
000054:	0.001350000000000	0.984370000000000	0.000790000000000	0.003430000000000	0.002480000000000	0.003560000000000	0.000780000000000	0.003240000000000		1
000055:	0.000430000000000	0.998380000000000	0.000030000000000	0.000000000000000	0.000750000000000	0.000000000000000	0.000310000000000	0.000100000000000		1
000056:	0.000460000000000	0.998520000000000	0.000020000000000	0.000380000000000	0.000000000000000	0.000180000000000	0.000240000000000	0.000200000000000		1
000057:	0.004490000000000	0.978390000000000	0.001770000000000	0.001870000000000	0.001120000000000	0.004830000000000	0.001310000000000	0.006220000000000		1
000058:	0.000000000000000	0.998740000000000	0.000050000000000	0.000000000000000	0.000000000000000	0.000200000000000	0.000080000000000	0.000930000000000		1
000059:	0.079190000000000	0.554840000000000	0.052270000000000	0.065400000000000	0.038010000000000	0.063470000000000	0.075050000000000	0.071770000000000		1
000060:	0.033160000000000	0.828590000000000	0.017120000000000	0.014640000000000	0.024070000000000	0.024280000000000	0.030910000000000	0.027230000000000		1
000061:	0.000000000000000	0.998700000000000	0.000120000000000	0.000210000000000	0.000020000000000	0.000830000000000	0.000120000000000	0.000000000000000		1
000062:	0.001810000000000	0.986550000000000	0.001400000000000	0.001540000000000	0.002190000000000	0.001940000000000	0.003260000000000	0.001310000000000		1
000063:	0.001210000000000	0.991140000000000	0.002860000000000	0.000590000000000	0.000410000000000	0.000780000000000	0.001490000000000	0.001520000000000		1
000064:	0.107290000000000	0.295000000000000	0.091650000000000	0.102360000000000	0.074940000000000	0.102740000000000	0.106870000000000	0.119150000000000		1
000065:	0.004930000000000	0.962650000000000	0.002740000000000	0.004050000000000	0.002920000000000	0.007180000000000	0.003020000000000	0.012510000000000		1
000066:	0.002000000000000	0.981310000000000	0.001510000000000	0.001130000000000	0.001350000000000	0.002440000000000	0.001250000000000	0.009010000000000		1
000067:	0.001090000000000	0.996810000000000	0.000090000000000	0.000290000000000	0.000160000000000	0.000590000000000	0.000380000000000	0.000590000000000		1
000068:	0.000000000000000	0.998160000000000	0.000180000000000	0.000110000000000	0.000140000000000	0.000930000000000	0.000000000000000	0.000480000000000		1
000069:	0.011710000000000	0.930340000000000	0.007340000000000	0.013870000000000	0.009280000000000	0.009330000000000	0.007800000000000	0.010330000000000		1
000070:	0.002240000000000	0.984940000000000	0.005970000000000	0.001170000000000	0.001930000000000	0.000290000000000	0.002630000000000	0.000830000000000		1
000071:	0.000020000000000	0.999680000000000	0.000000000000000	0.000000000000000	0.000000000000000	0.000140000000000	0.000010000000000	0.000150000000000		1
000072:	0.001250000000000	0.977050000000000	0.002900000000000	0.002690000000000	0.004640000000000	0.003170000000000	0.003350000000000	0.004950000000000		1
000073:	0.000370000000000	0.995420000000000	0.001100000000000	0.000650000000000	0.000750000000000	0.000120000000000	0.001550000000000	0.000040000000000		1
000074:	0.003540000000000	0.981360000000000	0.001100000000000	0.002420000000000	0.000750000000000	0.003290000000000	0.002030000000000	0.005510000000000		1
000075:	0.005750000000000	0.972660000000000	0.003030000000000	0.003480000000000	0.002480000000000	0.005610000000000	0.001080000000000	0.005910000000000		1



Estimated Allele Frequencies
Cluster 01
Locus 001
Allele 092	0.102254538615875
Allele 094	0.103166382210456
Allele 096	0.094833606266653
Allele 098	0.100798842929665
Allele 100	0.106200415865899
Allele 102	0.096132997154171
Allele 104	0.117450719180492
Allele 106	0.096845629629132
Allele 108	0.089552861234718
Allele 110	0.092764006912937

Locus 002
Allele 094	0.070553698638980
Allele 096	0.067992247486006
Allele 098	0.075626491969450
Allele 100	0.075042735498218
Allele 102	0.070710897815935
Allele 104	0.089134030893488
Allele 106	0.081148526218942
Allele 108	0.066705696752474
Allele 110	0.068573535995313
Allele 112	0.070845911280531
Allele 114	0.065548129870315
Allele 124	0.067365030078466
Allele 126	0.065812127162096
Allele 149	0.064940940339785

Locus 003
Allele 118	0.046867182214804
Allele 122	0.046946969441255
Allele 124	0.053376292230112
Allele 126	0.068326514700827
Allele 128	0.047415280783521
Allele 130	0.048375122999058
Allele 132	0.048030106444006
Allele 137	0.047970628978598
Allele 202	0.048054099771939
Allele 204	0.046656194839449
Allele 206	0.046601185466552
Allele 208	0.060574536244484
Allele 210	0.047585112243033
Allele 212	0.048172871061095
Allele 214	0.052753893799234
Allele 216	0.046870391434417
Allele 218	0.047224850926448
Allele 220	0.047082609772711
Allele 224	0.047692201824079
Allele 226	0.053423954824378

Locus 004
Allele 124	0.041339944150405
Allele 126	0.042943230123645
Allele 127	0.045029150994315
Allele 128	0.042527954120424
Allele 130	0.041535860887155
Allele 132	0.042948786176783
Allele 134	0.040937097423767
Allele 135	0.053407576454287
Allele 137	0.044612723886077
Allele 151	0.043711954142181
Allele 208	0.045053425661612
Allele 210	0.041971042593336
Allele 212	0.041826450585693
Allele 214	0.041290709888394
Allele 216	0.044025857335082
Allele 218	0.043463559342184
Allele 220	0.041938484046996
Allele 222	0.048233133436474
Allele 224	0.041441512997749
Allele 226	0.042336408754059
Allele 228	0.041157042344980
Allele 233	0.047051033080625
Allele 238	0.041217061573775

Locus 005
Allele 121	0.055221139651867
Allele 123	0.060733386076600
Allele 125	0.053060169129247
Allele 127	0.051989287041156
Allele 129	0.057061653326051
Allele 130	0.051682452702310
Allele 131	0.053156946405873
Allele 133	0.053525609771171
Allele 135	0.057656791347068
Allele 136	0.053053507831959
Allele 137	0.055327799380956
Allele 138	0.060525846204612
Allele 139	0.058030297205034
Allele 141	0.051882881570583
Allele 145	0.059297640400295
Allele 146	0.054939390586781
Allele 148	0.060834474304893
Allele 150	0.052020727063543

Locus 006
Allele 121	0.044157933011627
Allele 123	0.045313949523824
Allele 125	0.043843500242808
Allele 129	0.042825015146907
Allele 131	0.043518654612214
Allele 133	0.050069439199543
Allele 135	0.044804597855062
Allele 136	0.042989970779098
Allele 137	0.054277983032924
Allele 138	0.044346470344530
Allele 139	0.045664646169537
Allele 141	0.043058722527962
Allele 143	0.043010218138532
Allele 145	0.044938542572940
Allele 146	0.043283801696428
Allele 147	0.046735101777155
Allele 148	0.046555807409001
Allele 150	0.044510725540561
Allele 151	0.042891538294255
Allele 152	0.057200136368994
Allele 156	0.043067491268135
Allele 161	0.042935754487962

Locus 007
Allele 093	0.048117441936962
Allele 095	0.045450223715449
Allele 096	0.043234366247240
Allele 097	0.043880830429209
Allele 099	0.045729226218933
Allele 100	0.043532540541031
Allele 101	0.050371630015230
Allele 103	0.051943053508060
Allele 105	0.043518998433648
Allele 107	0.043267679893754
Allele 109	0.045874152615979
Allele 110	0.043132062214482
Allele 125	0.042824652617124
Allele 161	0.043113344276854
Allele 165	0.043110704629555
Allele 167	0.046396396458103
Allele 169	0.046072402653504
Allele 171	0.052563936693629
Allele 173	0.047539884211926
Allele 175	0.043433456433103
Allele 177	0.043473077390744
Allele 181	0.043419938865479

Locus 008
Allele 095	0.039923329857261
Allele 097	0.041428064247830
Allele 099	0.039613973600332
Allele 100	0.040209682221327
Allele 101	0.046979876449879
Allele 103	0.049679513832988
Allele 105	0.039387619420145
Allele 107	0.040197943411535
Allele 109	0.042207898550293
Allele 110	0.039814753230656
Allele 113	0.043745443413870
Allele 121	0.041211351775287
Allele 123	0.040323988823159
Allele 131	0.039539576517060
Allele 167	0.039612710485546
Allele 169	0.040853572970793
Allele 171	0.046374121533577
Allele 173	0.043887353639724
Allele 175	0.044812962553699
Allele 177	0.040010238323223
Allele 179	0.039679417478214
Allele 181	0.040700438132606
Allele 183	0.039826754942889
Allele 185	0.039979414588108

Locus 009
Allele 108	0.035279682951772
Allele 115	0.032914810834247
Allele 121	0.033826693921171
Allele 123	0.034533344254718
Allele 125	0.035290063026732
Allele 127	0.033288851918866
Allele 129	0.033723854991732
Allele 131	0.033253796378991
Allele 133	0.034632047304771
Allele 135	0.036267070920055
Allele 137	0.033045542739366
Allele 139	0.033884704976294
Allele 145	0.032888485705408
Allele 147	0.037727565169363
Allele 149	0.032657533440846
Allele 152	0.036093634649024
Allele 218	0.032905438206247
Allele 220	0.033526414594355
Allele 222	0.036903446665491
Allele 224	0.035014569101492
Allele 226	0.035833215301905
Allele 228	0.032973901113469
Allele 230	0.032830645547410
Allele 232	0.039999769263320
Allele 234	0.035455890304644
Allele 236	0.033020645623171
Allele 238	0.036079303649189
Allele 240	0.033018921652907
Allele 250	0.033130155793044

Locus 010
Allele 123	0.027332492790990
Allele 125	0.026963311541407
Allele 127	0.026967389939322
Allele 129	0.028830319974151
Allele 131	0.028357483291893
Allele 133	0.028862402759544
Allele 135	0.027106521985341
Allele 137	0.027327013474405
Allele 139	0.027430796393355
Allele 141	0.027316767415762
Allele 143	0.026861001884927
Allele 145	0.026718684693125
Allele 147	0.030856992897189
Allele 149	0.029445456807254
Allele 152	0.026799294977379
Allele 155	0.026869449287576
Allele 157	0.029198607679740
Allele 220	0.026736866096266
Allele 222	0.029413571298927
Allele 224	0.026542367436750
Allele 226	0.029933017177586
Allele 228	0.026897598436372
Allele 230	0.027607645610155
Allele 232	0.026799829705244
Allele 234	0.028232667898467
Allele 236	0.031870937646469
Allele 238	0.028913216737086
Allele 240	0.027479919224828
Allele 242	0.026887291704180
Allele 244	0.027016168415592
Allele 246	0.026923799220093
Allele 248	0.026791681884836
Allele 250	0.026871138071163
Allele 252	0.026916884010802
Allele 254	0.026640571372409
Allele 256	0.028280840259414


Cluster 02
Locus 001
Allele 092	0.038705522682578
Allele 094	0.396223826650215
Allele 096	0.165249146331358
Allele 098	0.087871132595749
Allele 100	0.023873486718563
Allele 102	0.083698257367678
Allele 104	0.104606874189043
Allele 106	0.048715916965192
Allele 108	0.026387943219140
Allele 110	0.024667893280480

Locus 002
Allele 094	0.107805250532745
Allele 096	0.077190414305902
Allele 098	0.150544754699951
Allele 100	0.065458245547571
Allele 102	0.107112964723833
Allele 104	0.192315875298431
Allele 106	0.124578299941765
Allele 108	0.064809563368980
Allele 110	0.037134934668783
Allele 112	0.022445104682178
Allele 114	0.013166935903111
Allele 124	0.011413338921954
Allele 126	0.012871356804480
Allele 149	0.013152960600317

Locus 003
Allele 118	0.018932901002911
Allele 122	0.031451698954451
Allele 124	0.182824537303463
Allele 126	0.088161249763833
Allele 128	0.062657765630385
Allele 130	0.035904016931074
Allele 132	0.062119941869818
Allele 137	0.011545655582314
Allele 202	0.011543409311670
Allele 204	0.025283976306486
Allele 206	0.012577495753774
Allele 208	0.113459845769433
Allele 210	0.037290295781828
Allele 212	0.099325598202931
Allele 214	0.069634326439338
Allele 216	0.044068962061728
Allele 218	0.049923354435607
Allele 220	0.012553550196848
Allele 224	0.023985711266856
Allele 226	0.006755707435248

Locus 004
Allele 124	0.024459768749280
Allele 126	0.028603710810439
Allele 127	0.008015493052641
Allele 128	0.041923845729013
Allele 130	0.042930331354883
Allele 132	0.171736717826267
Allele 134	0.012403348763386
Allele 135	0.093053544500074
Allele 137	0.063828589858532
Allele 151	0.009656196850232
Allele 208	0.014637228149951
Allele 210	0.011019343312868
Allele 212	0.085976379010173
Allele 214	0.037043336671033
Allele 216	0.071144211782102
Allele 218	0.015554911473613
Allele 220	0.048592971877292
Allele 222	0.053909331252801
Allele 224	0.092338453762184
Allele 226	0.036110238490095
Allele 228	0.018369923969380
Allele 233	0.006648391205909
Allele 238	0.012043731547846

Locus 005
Allele 121	0.057797969049725
Allele 123	0.053204471819715
Allele 125	0.039594148659210
Allele 127	0.013321520598754
Allele 129	0.028676427017806
Allele 130	0.026943003041813
Allele 131	0.127486025608285
Allele 133	0.072370344127234
Allele 135	0.055833952509895
Allele 136	0.120437951816036
Allele 137	0.023882035474456
Allele 138	0.092210655451837
Allele 139	0.095695489151639
Allele 141	0.026846716846405
Allele 145	0.034253820990322
Allele 146	0.071672796865383
Allele 148	0.046321687295843
Allele 150	0.013450983675640

Locus 006
Allele 121	0.025202209157057
Allele 123	0.023263171104173
Allele 125	0.018623339060391
Allele 129	0.026375117967440
Allele 131	0.117619998989025
Allele 133	0.071916787061191
Allele 135	0.109762486448609
Allele 136	0.026124354569692
Allele 137	0.040890397212465
Allele 138	0.018007316818324
Allele 139	0.049343920825294
Allele 141	0.019240823912800
Allele 143	0.013172688470065
Allele 145	0.056322010378255
Allele 146	0.052453761310316
Allele 147	0.008512370726621
Allele 148	0.108578320882186
Allele 150	0.076947791853931
Allele 151	0.013143615706383
Allele 152	0.091517565596629
Allele 156	0.019866474554558
Allele 161	0.013115477394596

Locus 007
Allele 093	0.049256927819888
Allele 095	0.071010936405965
Allele 096	0.013425935872805
Allele 097	0.154039134356250
Allele 099	0.037342899437118
Allele 100	0.059975493583973
Allele 101	0.038857492949719
Allele 103	0.051739322983936
Allele 105	0.019763260662913
Allele 107	0.026711586475447
Allele 109	0.010050319029888
Allele 110	0.013158417743972
Allele 125	0.013486435134775
Allele 161	0.013406415859834
Allele 165	0.026923514127310
Allele 167	0.043475415830697
Allele 169	0.063548666047281
Allele 171	0.138347368867085
Allele 173	0.075430189561215
Allele 175	0.046865786236772
Allele 177	0.020182860749201
Allele 181	0.013001620263950

Locus 008
Allele 095	0.013233931071105
Allele 097	0.050927120987851
Allele 099	0.026576527937834
Allele 100	0.038847490617410
Allele 101	0.117333606486762
Allele 103	0.088512934758531
Allele 105	0.039951608581766
Allele 107	0.079103553169677
Allele 109	0.016536301157892
Allele 110	0.019613845586095
Allele 113	0.016084897388904
Allele 121	0.018548400350965
Allele 123	0.019570139057166
Allele 131	0.013235268174299
Allele 167	0.013320475489033
Allele 169	0.025362962382807
Allele 171	0.091755054882070
Allele 173	0.087588134891577
Allele 175	0.047349585880456
Allele 177	0.079204949485435
Allele 179	0.013277842545706
Allele 181	0.031650202238564
Allele 183	0.026148157864425
Allele 185	0.026267009013666

Locus 009
Allele 108	0.027006483281352
Allele 115	0.011827473666303
Allele 121	0.010488466412124
Allele 123	0.039409284962560
Allele 125	0.085796874433366
Allele 127	0.041141196300321
Allele 129	0.046231642607656
Allele 131	0.047071004894044
Allele 133	0.092780479335749
Allele 135	0.025446637782731
Allele 137	0.017719625753977
Allele 139	0.016596231345788
Allele 145	0.017733846778563
Allele 147	0.006365299450389
Allele 149	0.011835097061085
Allele 152	0.008501479545287
Allele 218	0.011784372954682
Allele 220	0.088112934715205
Allele 222	0.108954873132954
Allele 224	0.085841889423244
Allele 226	0.037950398949448
Allele 228	0.023539632811019
Allele 230	0.017739634281412
Allele 232	0.021145097499330
Allele 234	0.032369567299451
Allele 236	0.017730371828620
Allele 238	0.019439665592463
Allele 240	0.017625399546498
Allele 250	0.011815038354377

Locus 010
Allele 123	0.010102863140592
Allele 125	0.011065812545348
Allele 127	0.033649102211513
Allele 129	0.037079799742137
Allele 131	0.042772209143702
Allele 133	0.065660822698646
Allele 135	0.073783619187989
Allele 137	0.067189689932126
Allele 139	0.015965468154172
Allele 141	0.039004992766493
Allele 143	0.011234814346598
Allele 145	0.017156649113312
Allele 147	0.011687437450403
Allele 149	0.018651483911651
Allele 152	0.011333622853543
Allele 155	0.011245275341669
Allele 157	0.013874471837618
Allele 220	0.011330194221276
Allele 222	0.018647557257945
Allele 224	0.045740293202108
Allele 226	0.053086317858318
Allele 228	0.028213544802080
Allele 230	0.032834409426100
Allele 232	0.039870033536890
Allele 234	0.037342871217804
Allele 236	0.038898605046695
Allele 238	0.054222759866560
Allele 240	0.027547338508412
Allele 242	0.033736182445848
Allele 244	0.010854780458971
Allele 246	0.016789297061444
Allele 248	0.011307349611456
Allele 250	0.011342614202868
Allele 252	0.016852135978634
Allele 254	0.011406306807358
Allele 256	0.008519274111721


Cluster 03
Locus 001
Allele 092	0.101861180593191
Allele 094	0.101900598532000
Allele 096	0.094151357020844
Allele 098	0.098790048985872
Allele 100	0.107548277592979
Allele 102	0.095630974990193
Allele 104	0.113996632495096
Allele 106	0.101454801913405
Allele 108	0.091253527991743
Allele 110	0.093412599884673

Locus 002
Allele 094	0.070527511590167
Allele 096	0.067947883207221
Allele 098	0.072631796100699
Allele 100	0.073467489855168
Allele 102	0.073010364447859
Allele 104	0.086186619345154
Allele 106	0.084038485001149
Allele 108	0.066698196659701
Allele 110	0.068725647701047
Allele 112	0.070131341765111
Allele 114	0.066175805327796
Allele 124	0.067401950895350
Allele 126	0.066825022693761
Allele 149	0.066231885409816

Locus 003
Allele 118	0.047075782220186
Allele 122	0.047738895948651
Allele 124	0.053809664692316
Allele 126	0.063182009471337
Allele 128	0.047604567152547
Allele 130	0.049289648068058
Allele 132	0.048271488008755
Allele 137	0.048069025435291
Allele 202	0.048475492693257
Allele 204	0.047381438771363
Allele 206	0.047207385664052
Allele 208	0.057910477098925
Allele 210	0.047813270162312
Allele 212	0.048562376958863
Allele 214	0.054439327634153
Allele 216	0.047538328308567
Allele 218	0.047818019591373
Allele 220	0.047410429954098
Allele 224	0.048419254528503
Allele 226	0.051983117637398

Locus 004
Allele 124	0.041580355531585
Allele 126	0.042038028349589
Allele 127	0.044731153716554
Allele 128	0.042408709559466
Allele 130	0.041804691437739
Allele 132	0.043321379481349
Allele 134	0.041532783857862
Allele 135	0.050545097095629
Allele 137	0.046723674979440
Allele 151	0.043507411998067
Allele 208	0.043934029559482
Allele 210	0.042931794226619
Allele 212	0.042109037784958
Allele 214	0.041650501365534
Allele 216	0.043201028579461
Allele 218	0.045312568944002
Allele 220	0.042349045479347
Allele 222	0.047174432293339
Allele 224	0.041986110297092
Allele 226	0.042367930710634
Allele 228	0.041431776834117
Allele 233	0.045822616487321
Allele 238	0.041535841430812

Locus 005
Allele 121	0.054540095876909
Allele 123	0.059385067656261
Allele 125	0.053015034562301
Allele 127	0.052743516944451
Allele 129	0.056903175701250
Allele 130	0.053169467944159
Allele 131	0.053896372149618
Allele 133	0.054697584905304
Allele 135	0.056055232786887
Allele 136	0.053384150555920
Allele 137	0.054984727021144
Allele 138	0.062564568233448
Allele 139	0.057708986172668
Allele 141	0.053212719500136
Allele 145	0.057809131347204
Allele 146	0.054926096008543
Allele 148	0.058360255468978
Allele 150	0.052643817164824

Locus 006
Allele 121	0.044080475922833
Allele 123	0.045662668554776
Allele 125	0.043409859088814
Allele 129	0.043246927182429
Allele 131	0.044170292340147
Allele 133	0.048506328589646
Allele 135	0.045366144095524
Allele 136	0.043640789323122
Allele 137	0.051518291507765
Allele 138	0.044381005241684
Allele 139	0.047896728254110
Allele 141	0.043657626346209
Allele 143	0.043596066036860
Allele 145	0.046345938475540
Allele 146	0.043807359001524
Allele 147	0.047049021952068
Allele 148	0.045870970170104
Allele 150	0.044485560669378
Allele 151	0.043650400881266
Allele 152	0.052727996029106
Allele 156	0.043128482284695
Allele 161	0.043801068052398

Locus 007
Allele 093	0.046339458343485
Allele 095	0.045770576687851
Allele 096	0.043525805538326
Allele 097	0.044225819966528
Allele 099	0.045095202187584
Allele 100	0.044112276767063
Allele 101	0.049333020016687
Allele 103	0.050361161636189
Allele 105	0.043772066867758
Allele 107	0.043601686795576
Allele 109	0.047575659060853
Allele 110	0.044034591479628
Allele 125	0.043583861479494
Allele 161	0.043674886685493
Allele 165	0.043584804000085
Allele 167	0.045439405737383
Allele 169	0.047623838112950
Allele 171	0.050333727533094
Allele 173	0.047323342190161
Allele 175	0.043379203712129
Allele 177	0.043600688804935
Allele 181	0.043708916396747

Locus 008
Allele 095	0.040100538120784
Allele 097	0.041919297813321
Allele 099	0.040013297733725
Allele 100	0.040658105030212
Allele 101	0.045797543725054
Allele 103	0.047565634481420
Allele 105	0.039936513913057
Allele 107	0.040401778372245
Allele 109	0.043992672360947
Allele 110	0.040291274793140
Allele 113	0.042130135912103
Allele 121	0.040742013882827
Allele 123	0.040243043804800
Allele 131	0.040112633019821
Allele 167	0.040104385007841
Allele 169	0.040743543291399
Allele 171	0.046353200621574
Allele 173	0.043562053468614
Allele 175	0.043089552903149
Allele 177	0.040256722210375
Allele 179	0.040022176838161
Allele 181	0.041539241159949
Allele 183	0.040292148360631
Allele 185	0.040132493174851

Locus 009
Allele 108	0.034765556526520
Allele 115	0.033128395788634
Allele 121	0.034238565725006
Allele 123	0.033974322875345
Allele 125	0.036662187735797
Allele 127	0.033346729411623
Allele 129	0.034268428130620
Allele 131	0.033617180670162
Allele 133	0.034319508762196
Allele 135	0.035899393858220
Allele 137	0.033124682652775
Allele 139	0.034076864256933
Allele 145	0.033309592204389
Allele 147	0.036683998681095
Allele 149	0.033261397527014
Allele 152	0.034974974054113
Allele 218	0.033193773709898
Allele 220	0.034091388678740
Allele 222	0.035348602731685
Allele 224	0.035667678360336
Allele 226	0.035280430049282
Allele 228	0.033415680259747
Allele 230	0.033239014731151
Allele 232	0.039872062536835
Allele 234	0.034554700165578
Allele 236	0.033302506601113
Allele 238	0.035892434468042
Allele 240	0.033373168766493
Allele 250	0.033116780080663

Locus 010
Allele 123	0.027762558842639
Allele 125	0.026978197059305
Allele 127	0.027272227329084
Allele 129	0.028364118648652
Allele 131	0.029553280331299
Allele 133	0.028150575004929
Allele 135	0.027075580300309
Allele 137	0.027698942561200
Allele 139	0.027553476351642
Allele 141	0.027258075628590
Allele 143	0.026938429883935
Allele 145	0.026826112456172
Allele 147	0.029779804923758
Allele 149	0.029265827075446
Allele 152	0.026901641754707
Allele 155	0.027081994231098
Allele 157	0.028496518445840
Allele 220	0.026971199479957
Allele 222	0.029209633698167
Allele 224	0.026972711281575
Allele 226	0.028627477742978
Allele 228	0.027018783942766
Allele 230	0.027924048613359
Allele 232	0.026925798199984
Allele 234	0.028667398810900
Allele 236	0.030468716379581
Allele 238	0.028573413314923
Allele 240	0.027223243333686
Allele 242	0.027163070938138
Allele 244	0.026880182298394
Allele 246	0.027042965433296
Allele 248	0.026849482260683
Allele 250	0.027000134759511
Allele 252	0.027137230644223
Allele 254	0.026944884187629
Allele 256	0.029442263851646


Cluster 04
Locus 001
Allele 092	0.102522477460090
Allele 094	0.102564523403521
Allele 096	0.095012852997789
Allele 098	0.099678924878655
Allele 100	0.105291263609453
Allele 102	0.096653610622594
Allele 104	0.115797230959172
Allele 106	0.098575421457026
Allele 108	0.090749014654246
Allele 110	0.093154679957455

Locus 002
Allele 094	0.070222965821283
Allele 096	0.067649362953752
Allele 098	0.074094553264387
Allele 100	0.075389121173006
Allele 102	0.071643209555299
Allele 104	0.087847832290054
Allele 106	0.081933355366608
Allele 108	0.067084655261358
Allele 110	0.068204061997784
Allele 112	0.070817595598213
Allele 114	0.065899200838122
Allele 124	0.067327557731194
Allele 126	0.066192528035657
Allele 149	0.065694000113285

Locus 003
Allele 118	0.047240240348216
Allele 122	0.047289608125581
Allele 124	0.052981154268258
Allele 126	0.065262843993269
Allele 128	0.047429700468085
Allele 130	0.049331653287753
Allele 132	0.048468116537991
Allele 137	0.048295734040054
Allele 202	0.048358689404923
Allele 204	0.047185555000838
Allele 206	0.046927363467394
Allele 208	0.058832465032456
Allele 210	0.047723027308206
Allele 212	0.048770075688131
Allele 214	0.053216601088779
Allele 216	0.047230007707669
Allele 218	0.047221377925282
Allele 220	0.047156816077884
Allele 224	0.048449765850582
Allele 226	0.052629204378652

Locus 004
Allele 124	0.041734598592131
Allele 126	0.042654718692041
Allele 127	0.045066955348704
Allele 128	0.041799045507418
Allele 130	0.041687288478745
Allele 132	0.043250141283708
Allele 134	0.041117618328686
Allele 135	0.052014446440423
Allele 137	0.045236502803176
Allele 151	0.043671975376411
Allele 208	0.045005874556401
Allele 210	0.042706139150304
Allele 212	0.042413947538286
Allele 214	0.041397628099754
Allele 216	0.043061766012318
Allele 218	0.043694998004266
Allele 220	0.042228538729608
Allele 222	0.047897176387999
Allele 224	0.041663770173500
Allele 226	0.042156454184030
Allele 228	0.041507862852396
Allele 233	0.046320928056466
Allele 238	0.041711625403228

Locus 005
Allele 121	0.054086047450816
Allele 123	0.059890636371689
Allele 125	0.053000967967492
Allele 127	0.052276183021080
Allele 129	0.057421571222594
Allele 130	0.052372334333130
Allele 131	0.053944605508120
Allele 133	0.054191874935064
Allele 135	0.056970921287053
Allele 136	0.053497247026930
Allele 137	0.055558552241564
Allele 138	0.060498030909274
Allele 139	0.058691253298372
Allele 141	0.052303428129114
Allele 145	0.058676788398664
Allele 146	0.054646954956644
Allele 148	0.059559073027523
Allele 150	0.052413529914876

Locus 006
Allele 121	0.043548731255726
Allele 123	0.045315548199084
Allele 125	0.043688002872186
Allele 129	0.043528253833440
Allele 131	0.043969941020767
Allele 133	0.049229407487463
Allele 135	0.045409586414852
Allele 136	0.043354274783569
Allele 137	0.053098917862346
Allele 138	0.044114914797239
Allele 139	0.046119973172815
Allele 141	0.043625069979859
Allele 143	0.043169913438197
Allele 145	0.045986203065234
Allele 146	0.043584160834347
Allele 147	0.046947160313248
Allele 148	0.045374470942529
Allele 150	0.044996459456853
Allele 151	0.043375940301520
Allele 152	0.054883612211084
Allele 156	0.043297405185138
Allele 161	0.043382052572506

Locus 007
Allele 093	0.047467985597956
Allele 095	0.045264802389765
Allele 096	0.043402873803923
Allele 097	0.044215095916421
Allele 099	0.045192562856853
Allele 100	0.043917373757600
Allele 101	0.049898561228350
Allele 103	0.051334382458034
Allele 105	0.043636264401519
Allele 107	0.043718220411026
Allele 109	0.045819660224295
Allele 110	0.043673869382323
Allele 125	0.043438787597059
Allele 161	0.043468469336678
Allele 165	0.043536289672840
Allele 167	0.045220937069879
Allele 169	0.046482647918111
Allele 171	0.051296402217222
Allele 173	0.048136145406387
Allele 175	0.043638214871012
Allele 177	0.043471561762282
Allele 181	0.043768891720460

Locus 008
Allele 095	0.039907219409041
Allele 097	0.041794041943297
Allele 099	0.039862479211002
Allele 100	0.040797162216636
Allele 101	0.046265233493595
Allele 103	0.048413140845008
Allele 105	0.039968677455209
Allele 107	0.040367795149168
Allele 109	0.042559110058751
Allele 110	0.040248916261786
Allele 113	0.042872706707345
Allele 121	0.040962460096806
Allele 123	0.040302531888275
Allele 131	0.039900447794359
Allele 167	0.039738825224681
Allele 169	0.040619037211530
Allele 171	0.045261470298042
Allele 173	0.044084610818917
Allele 175	0.044085655247939
Allele 177	0.040610433005274
Allele 179	0.039840791946715
Allele 181	0.041172801932202
Allele 183	0.040161637836165
Allele 185	0.040202813948260

Locus 009
Allele 108	0.034986736638477
Allele 115	0.033111523364641
Allele 121	0.034134430027240
Allele 123	0.034100136445744
Allele 125	0.035570008057203
Allele 127	0.033359264091015
Allele 129	0.034112614142633
Allele 131	0.033686645016532
Allele 133	0.034096412985872
Allele 135	0.036128531793491
Allele 137	0.032997334909834
Allele 139	0.034153519992865
Allele 145	0.033193488998405
Allele 147	0.037204799162892
Allele 149	0.033188568407185
Allele 152	0.035588318827613
Allele 218	0.033028016521055
Allele 220	0.033939787347972
Allele 222	0.036077307570173
Allele 224	0.035515880185865
Allele 226	0.035626560638111
Allele 228	0.033509670198700
Allele 230	0.033154211049606
Allele 232	0.039223911817216
Allele 234	0.034572855649982
Allele 236	0.033088848976916
Allele 238	0.036306189944180
Allele 240	0.033257991427016
Allele 250	0.033086435811566

Locus 010
Allele 123	0.027730333309457
Allele 125	0.026961667945091
Allele 127	0.027315758319754
Allele 129	0.028509094694494
Allele 131	0.028636269214621
Allele 133	0.028137466341491
Allele 135	0.027163723663412
Allele 137	0.027540298222531
Allele 139	0.027487270431355
Allele 141	0.027343617860926
Allele 143	0.027106230019570
Allele 145	0.026818612398690
Allele 147	0.030152425633135
Allele 149	0.029473604273166
Allele 152	0.026764298261468
Allele 155	0.026831807218974
Allele 157	0.028878892139263
Allele 220	0.026916115159053
Allele 222	0.029317711131024
Allele 224	0.026706848521426
Allele 226	0.029326794717268
Allele 228	0.027140724160243
Allele 230	0.027728765490784
Allele 232	0.027040615397584
Allele 234	0.028689753672493
Allele 236	0.031015757419535
Allele 238	0.028588620665992
Allele 240	0.027290197830803
Allele 242	0.027245230259884
Allele 244	0.026994210575507
Allele 246	0.027079011552951
Allele 248	0.026924442811044
Allele 250	0.026759958964701
Allele 252	0.026976287397706
Allele 254	0.026909228406631
Allele 256	0.028498355917974


Cluster 05
Locus 001
Allele 092	0.100318462883736
Allele 094	0.104182550677381
Allele 096	0.096481358349831
Allele 098	0.101463033158676
Allele 100	0.103957964561154
Allele 102	0.097669189900817
Allele 104	0.112084643927706
Allele 106	0.097759498956266
Allele 108	0.092054173109346
Allele 110	0.094029124475085

Locus 002
Allele 094	0.069420470107329
Allele 096	0.068090113245403
Allele 098	0.075613859776593
Allele 100	0.074020794666163
Allele 102	0.070616384780273
Allele 104	0.084693323919296
Allele 106	0.080452972187231
Allele 108	0.067598823774954
Allele 110	0.069108184610292
Allele 112	0.070851741754119
Allele 114	0.066972703995748
Allele 124	0.069278740731566
Allele 126	0.066757827814759
Allele 149	0.066524058636272

Locus 003
Allele 118	0.047506105361798
Allele 122	0.047611160513430
Allele 124	0.053690423222724
Allele 126	0.063054045673158
Allele 128	0.047657413416995
Allele 130	0.049132984782993
Allele 132	0.048368865278641
Allele 137	0.048568461014435
Allele 202	0.048392129502229
Allele 204	0.047354862776289
Allele 206	0.047493606556682
Allele 208	0.058901173951724
Allele 210	0.047718823767745
Allele 212	0.048802542271073
Allele 214	0.051390875633024
Allele 216	0.047636709363931
Allele 218	0.048215646195842
Allele 220	0.047494830982563
Allele 224	0.048463130955256
Allele 226	0.052546208779465

Locus 004
Allele 124	0.041679264678725
Allele 126	0.043616743638925
Allele 127	0.044462822322516
Allele 128	0.042765761844266
Allele 130	0.041875312627377
Allele 132	0.043242187539893
Allele 134	0.041537407107027
Allele 135	0.051388637103329
Allele 137	0.044587132366509
Allele 151	0.043098565177910
Allele 208	0.044552915873796
Allele 210	0.042706833925867
Allele 212	0.042252973442954
Allele 214	0.041854832616898
Allele 216	0.044514697213296
Allele 218	0.043170507009060
Allele 220	0.042566420049080
Allele 222	0.046430536133790
Allele 224	0.041973599856062
Allele 226	0.042527777079949
Allele 228	0.041719208335517
Allele 233	0.045682036214113
Allele 238	0.041793827843141

Locus 005
Allele 121	0.055873746207153
Allele 123	0.059306641338420
Allele 125	0.053212555921866
Allele 127	0.052896862667993
Allele 129	0.056509897302396
Allele 130	0.052515013669065
Allele 131	0.053351236025406
Allele 133	0.054788250189509
Allele 135	0.057313649365273
Allele 136	0.053889690558079
Allele 137	0.054584863993396
Allele 138	0.061528335603196
Allele 139	0.056702473320971
Allele 141	0.052947417156062
Allele 145	0.058213864678529
Allele 146	0.055202915771573
Allele 148	0.058777416315869
Allele 150	0.052385169915242

Locus 006
Allele 121	0.044372528972877
Allele 123	0.046390855200616
Allele 125	0.044118026244670
Allele 129	0.043414158089853
Allele 131	0.044137202817584
Allele 133	0.049155824056170
Allele 135	0.045352226060837
Allele 136	0.043292991210176
Allele 137	0.051281685398309
Allele 138	0.045136510067736
Allele 139	0.045299555816214
Allele 141	0.043895644745041
Allele 143	0.043508736448831
Allele 145	0.045789863015145
Allele 146	0.043837915187406
Allele 147	0.046164797342452
Allele 148	0.046161769343384
Allele 150	0.045041784140264
Allele 151	0.043324771539150
Allele 152	0.053314867885341
Allele 156	0.043442303361340
Allele 161	0.043565983056606

Locus 007
Allele 093	0.046995714362430
Allele 095	0.046450128278569
Allele 096	0.043845566636261
Allele 097	0.044357229706368
Allele 099	0.046027500868822
Allele 100	0.044096316458308
Allele 101	0.048141453987404
Allele 103	0.050674385437153
Allele 105	0.043759014697001
Allele 107	0.043977045447856
Allele 109	0.045532253300776
Allele 110	0.043527091909251
Allele 125	0.043678555712633
Allele 161	0.043720225730175
Allele 165	0.043622252029664
Allele 167	0.046772483289430
Allele 169	0.045649311130037
Allele 171	0.050833586633852
Allele 173	0.046890152917789
Allele 175	0.043874988260379
Allele 177	0.043550075778029
Allele 181	0.044024667427816

Locus 008
Allele 095	0.040041661560053
Allele 097	0.042082031183963
Allele 099	0.040014200128167
Allele 100	0.040890465431305
Allele 101	0.045057813034204
Allele 103	0.048603355953558
Allele 105	0.040281792350746
Allele 107	0.040492455649099
Allele 109	0.041871284804067
Allele 110	0.040326646893283
Allele 113	0.043036005880831
Allele 121	0.040929941101401
Allele 123	0.040417381547346
Allele 131	0.040135947811470
Allele 167	0.040216331907379
Allele 169	0.040854221782531
Allele 171	0.044438039844388
Allele 173	0.042863869658348
Allele 175	0.044552440282088
Allele 177	0.040541608277130
Allele 179	0.040078781044395
Allele 181	0.041723325538882
Allele 183	0.040412275621583
Allele 185	0.040138122713784

Locus 009
Allele 108	0.034402047378477
Allele 115	0.033154806380614
Allele 121	0.034384782397412
Allele 123	0.034969389172978
Allele 125	0.035093587615493
Allele 127	0.033412906014951
Allele 129	0.033996886431781
Allele 131	0.033480547125628
Allele 133	0.034704324765132
Allele 135	0.035549011587823
Allele 137	0.033169807002540
Allele 139	0.034155659416888
Allele 145	0.033270510205175
Allele 147	0.036690216629224
Allele 149	0.033356846336113
Allele 152	0.035665428454607
Allele 218	0.033208942860473
Allele 220	0.034084090039605
Allele 222	0.036179880514474
Allele 224	0.035662395460282
Allele 226	0.035218698169529
Allele 228	0.033317763037557
Allele 230	0.033359407616546
Allele 232	0.038372791517256
Allele 234	0.035622693607169
Allele 236	0.033195692397530
Allele 238	0.035443027667736
Allele 240	0.033570343389868
Allele 250	0.033307516807140

Locus 010
Allele 123	0.027861124251335
Allele 125	0.027197255997019
Allele 127	0.027155665622135
Allele 129	0.028080793611370
Allele 131	0.028202970792577
Allele 133	0.028894010589029
Allele 135	0.027194053828682
Allele 137	0.027680348665328
Allele 139	0.027575146638974
Allele 141	0.027687264627399
Allele 143	0.026957323542652
Allele 145	0.026871156161979
Allele 147	0.030036499764689
Allele 149	0.028953422423766
Allele 152	0.026901354823819
Allele 155	0.026867996172250
Allele 157	0.029106430060781
Allele 220	0.027067603355472
Allele 222	0.028883896994737
Allele 224	0.026868706356957
Allele 226	0.029553640935941
Allele 228	0.027111947805832
Allele 230	0.027655219077225
Allele 232	0.026930824719080
Allele 234	0.028507290501562
Allele 236	0.031040214836344
Allele 238	0.027927052339688
Allele 240	0.027569517122648
Allele 242	0.027259994260959
Allele 244	0.027423262264011
Allele 246	0.027081648745583
Allele 248	0.026836000150150
Allele 250	0.026935062863390
Allele 252	0.026998057214346
Allele 254	0.026917473576397
Allele 256	0.028209769305895


Cluster 06
Locus 001
Allele 092	0.102657235221974
Allele 094	0.103856335060983
Allele 096	0.095129820286188
Allele 098	0.098581474275640
Allele 100	0.105329316736377
Allele 102	0.095602469874996
Allele 104	0.115740822181935
Allele 106	0.097751930449708
Allele 108	0.091801479976627
Allele 110	0.093549115935573

Locus 002
Allele 094	0.070889197858808
Allele 096	0.067969361385055
Allele 098	0.074252522587229
Allele 100	0.074664310300872
Allele 102	0.071640034570541
Allele 104	0.087374794905348
Allele 106	0.082185058059900
Allele 108	0.066998796014713
Allele 110	0.068165334840462
Allele 112	0.070055596281735
Allele 114	0.065937499861897
Allele 124	0.068025673321105
Allele 126	0.066249350420921
Allele 149	0.065592469591420

Locus 003
Allele 118	0.047206768336300
Allele 122	0.047259978547891
Allele 124	0.053737499500473
Allele 126	0.064895943747377
Allele 128	0.047624047258535
Allele 130	0.049138354397240
Allele 132	0.048398962963205
Allele 137	0.047762086581001
Allele 202	0.048064061503825
Allele 204	0.047073179412447
Allele 206	0.047261380804525
Allele 208	0.058588968492350
Allele 210	0.047631051648416
Allele 212	0.048482088248313
Allele 214	0.053261924513987
Allele 216	0.047369417570400
Allele 218	0.047851344078127
Allele 220	0.047320087218650
Allele 224	0.048496319662288
Allele 226	0.052576535514649

Locus 004
Allele 124	0.041813811588669
Allele 126	0.043219302404950
Allele 127	0.044914383681974
Allele 128	0.042541264397888
Allele 130	0.041515918334806
Allele 132	0.043226781926626
Allele 134	0.040983545226988
Allele 135	0.051167291014462
Allele 137	0.044794862221499
Allele 151	0.043758345037860
Allele 208	0.044041789712192
Allele 210	0.042426221809771
Allele 212	0.042097144926132
Allele 214	0.041411865947401
Allele 216	0.044040830471864
Allele 218	0.044238682926428
Allele 220	0.042157214553767
Allele 222	0.048082715583683
Allele 224	0.041893620040521
Allele 226	0.042138426177598
Allele 228	0.041566141344485
Allele 233	0.046347095676587
Allele 238	0.041622744993850

Locus 005
Allele 121	0.055101398731154
Allele 123	0.059776862040176
Allele 125	0.053585708739835
Allele 127	0.052504671234753
Allele 129	0.057440479887593
Allele 130	0.052260921874984
Allele 131	0.053564213821742
Allele 133	0.054483679686872
Allele 135	0.056483834968207
Allele 136	0.053547151602467
Allele 137	0.055201432369948
Allele 138	0.061285189114873
Allele 139	0.058089450117095
Allele 141	0.052305100600769
Allele 145	0.058281618153321
Allele 146	0.054670581875381
Allele 148	0.059233836515424
Allele 150	0.052183868665410

Locus 006
Allele 121	0.043994881400912
Allele 123	0.045860183702219
Allele 125	0.043934051272857
Allele 129	0.043289981847806
Allele 131	0.043836324002622
Allele 133	0.048939859209975
Allele 135	0.045449063735631
Allele 136	0.043318176978466
Allele 137	0.052377248672382
Allele 138	0.044808683653025
Allele 139	0.046136310609188
Allele 141	0.043866386759391
Allele 143	0.043302128073424
Allele 145	0.045406239923303
Allele 146	0.043321539416490
Allele 147	0.047353402639767
Allele 148	0.045934042651682
Allele 150	0.044870012001919
Allele 151	0.043638393761988
Allele 152	0.054276292871716
Allele 156	0.042930341420608
Allele 161	0.043156455394625

Locus 007
Allele 093	0.046592657271484
Allele 095	0.045670747473623
Allele 096	0.043508749842325
Allele 097	0.044158079909626
Allele 099	0.045697100712565
Allele 100	0.043987410345744
Allele 101	0.050091033464038
Allele 103	0.050594815580258
Allele 105	0.043789734473491
Allele 107	0.043608876953690
Allele 109	0.046302579538691
Allele 110	0.043661584144448
Allele 125	0.043408824905916
Allele 161	0.043444713575946
Allele 165	0.043324937435184
Allele 167	0.046287602293657
Allele 169	0.046501836199231
Allele 171	0.051092389314757
Allele 173	0.047506811779172
Allele 175	0.043534692086034
Allele 177	0.043475241826682
Allele 181	0.043759580873437

Locus 008
Allele 095	0.039988844869480
Allele 097	0.041635921276092
Allele 099	0.039903782637175
Allele 100	0.040788373531947
Allele 101	0.046903314230084
Allele 103	0.048285027055110
Allele 105	0.039904390525495
Allele 107	0.040478152842746
Allele 109	0.042317537675676
Allele 110	0.040084495655470
Allele 113	0.042392380824298
Allele 121	0.040811690923581
Allele 123	0.040365396676324
Allele 131	0.040045854119271
Allele 167	0.039998897258573
Allele 169	0.040759685128782
Allele 171	0.045821136085592
Allele 173	0.044155229603028
Allele 175	0.043735476988283
Allele 177	0.040373921360086
Allele 179	0.040039746408306
Allele 181	0.040932940732469
Allele 183	0.040282479718117
Allele 185	0.039995323874016

Locus 009
Allele 108	0.035139684135796
Allele 115	0.033240195686136
Allele 121	0.033986631046848
Allele 123	0.034896583077516
Allele 125	0.035663429133703
Allele 127	0.033318012747482
Allele 129	0.033924281896208
Allele 131	0.033390021520182
Allele 133	0.034659600304502
Allele 135	0.036083531580878
Allele 137	0.033199311295546
Allele 139	0.033716365855893
Allele 145	0.033299121839553
Allele 147	0.036912924645681
Allele 149	0.033069689904089
Allele 152	0.035098595058439
Allele 218	0.032973579697353
Allele 220	0.033802440914176
Allele 222	0.035776798969730
Allele 224	0.035271335046226
Allele 226	0.035697395387246
Allele 228	0.033270645058878
Allele 230	0.033063343516249
Allele 232	0.039295377937703
Allele 234	0.035343685542360
Allele 236	0.033115397093278
Allele 238	0.036361052604505
Allele 240	0.033427427846936
Allele 250	0.033003540656911

Locus 010
Allele 123	0.027491914353685
Allele 125	0.027119081283949
Allele 127	0.027233488100643
Allele 129	0.028854313200207
Allele 131	0.028552742356373
Allele 133	0.028562798445307
Allele 135	0.027040951560251
Allele 137	0.027720182423353
Allele 139	0.027488272080552
Allele 141	0.027369983224153
Allele 143	0.026980270117197
Allele 145	0.026777758433673
Allele 147	0.030211719888710
Allele 149	0.029631291975888
Allele 152	0.026995093604143
Allele 155	0.026804070341613
Allele 157	0.028438194516042
Allele 220	0.026698371364158
Allele 222	0.029550530515434
Allele 224	0.026871234084766
Allele 226	0.029176585432094
Allele 228	0.026962739327571
Allele 230	0.027875934476183
Allele 232	0.026844151858627
Allele 234	0.028201066050375
Allele 236	0.031056645064336
Allele 238	0.028670024888627
Allele 240	0.027400558079687
Allele 242	0.027146215709323
Allele 244	0.027073540976241
Allele 246	0.027091480059133
Allele 248	0.026959232479966
Allele 250	0.026845958529034
Allele 252	0.027005916305403
Allele 254	0.026746206305424
Allele 256	0.028551482587879


Cluster 07
Locus 001
Allele 092	0.102572413167378
Allele 094	0.103028784692769
Allele 096	0.096339865237205
Allele 098	0.098645441818873
Allele 100	0.107066589970478
Allele 102	0.094147631641201
Allele 104	0.116140052113886
Allele 106	0.098973968969781
Allele 108	0.089645831276954
Allele 110	0.093439421111470

Locus 002
Allele 094	0.070104454401886
Allele 096	0.067798873533512
Allele 098	0.072796980672431
Allele 100	0.074744085257217
Allele 102	0.072713829272076
Allele 104	0.088536140803687
Allele 106	0.084540830205246
Allele 108	0.066128172911862
Allele 110	0.068432314482121
Allele 112	0.069057122742337
Allele 114	0.065601305985580
Allele 124	0.068423441695121
Allele 126	0.065550046992610
Allele 149	0.065572401044313

Locus 003
Allele 118	0.046989736107962
Allele 122	0.047044462485475
Allele 124	0.055258406067528
Allele 126	0.066261733323218
Allele 128	0.047047456364900
Allele 130	0.048368476278373
Allele 132	0.048066732482983
Allele 137	0.047356988661767
Allele 202	0.047721535378692
Allele 204	0.046926859100164
Allele 206	0.046616588354739
Allele 208	0.059492440469847
Allele 210	0.047061583247666
Allele 212	0.049203125503481
Allele 214	0.053860018307344
Allele 216	0.046984772149202
Allele 218	0.047282534875951
Allele 220	0.047106645180360
Allele 224	0.048230486647827
Allele 226	0.053119419012522

Locus 004
Allele 124	0.041128448970442
Allele 126	0.043972163671535
Allele 127	0.045010768321455
Allele 128	0.042506461160616
Allele 130	0.041498771272304
Allele 132	0.043068032801942
Allele 134	0.041030243562457
Allele 135	0.051477288730074
Allele 137	0.045294887705872
Allele 151	0.043588487762417
Allele 208	0.043625444888025
Allele 210	0.042200768855318
Allele 212	0.041751199252250
Allele 214	0.041230849530593
Allele 216	0.045273403544740
Allele 218	0.044404585412316
Allele 220	0.041897071347665
Allele 222	0.048358219409475
Allele 224	0.041777535736243
Allele 226	0.042004489116665
Allele 228	0.041004610033168
Allele 233	0.046411240877612
Allele 238	0.041485028036814

Locus 005
Allele 121	0.055679633497898
Allele 123	0.060663195090784
Allele 125	0.053840191837247
Allele 127	0.052024360616047
Allele 129	0.057108608394751
Allele 130	0.052102865754387
Allele 131	0.053038018705596
Allele 133	0.053817943013959
Allele 135	0.055767734878853
Allele 136	0.052834891604404
Allele 137	0.055254078850144
Allele 138	0.062854680699143
Allele 139	0.057651153769091
Allele 141	0.052493934930799
Allele 145	0.059229667247057
Allele 146	0.054728859031284
Allele 148	0.058890818039718
Allele 150	0.052019364038839

Locus 006
Allele 121	0.044074684358414
Allele 123	0.046483340749988
Allele 125	0.044306621797790
Allele 129	0.042950255591822
Allele 131	0.043812013185031
Allele 133	0.049588771814883
Allele 135	0.044662478415232
Allele 136	0.042939000838758
Allele 137	0.052504790445937
Allele 138	0.045321038638922
Allele 139	0.046537102513416
Allele 141	0.043155502328418
Allele 143	0.042977708128978
Allele 145	0.045753283065302
Allele 146	0.043245374723941
Allele 147	0.046934948479817
Allele 148	0.045804596133138
Allele 150	0.045017810168512
Allele 151	0.042868492150749
Allele 152	0.054887431542160
Allele 156	0.043143396301993
Allele 161	0.043031358626802

Locus 007
Allele 093	0.046009887237109
Allele 095	0.046027110947066
Allele 096	0.043087901556491
Allele 097	0.044024913439056
Allele 099	0.046548879624450
Allele 100	0.043523295297171
Allele 101	0.050178178023479
Allele 103	0.051722646429266
Allele 105	0.043338772209116
Allele 107	0.043537962233440
Allele 109	0.046423359120043
Allele 110	0.043476565630778
Allele 125	0.043276617128841
Allele 161	0.043132103350432
Allele 165	0.043212589507270
Allele 167	0.047552434138481
Allele 169	0.046509841763503
Allele 171	0.050852077121956
Allele 173	0.048006123727650
Allele 175	0.043296398169290
Allele 177	0.042897188401126
Allele 181	0.043365154943986

Locus 008
Allele 095	0.039730797380678
Allele 097	0.041201274048744
Allele 099	0.039873338214458
Allele 100	0.040352041831476
Allele 101	0.046801084590980
Allele 103	0.050232520862377
Allele 105	0.039741146919988
Allele 107	0.039879813235970
Allele 109	0.042800497510887
Allele 110	0.040107809865665
Allele 113	0.042341103508912
Allele 121	0.040753170870161
Allele 123	0.040086008662528
Allele 131	0.039704658445965
Allele 167	0.039680813494235
Allele 169	0.040878327663894
Allele 171	0.046874546606111
Allele 173	0.043869514944574
Allele 175	0.044280710537716
Allele 177	0.040036006570491
Allele 179	0.039677945547124
Allele 181	0.041135937012202
Allele 183	0.040145480185190
Allele 185	0.039815451489672

Locus 009
Allele 108	0.035213994800529
Allele 115	0.032977702186149
Allele 121	0.033814656377359
Allele 123	0.034712097599658
Allele 125	0.035782793984969
Allele 127	0.033215806424834
Allele 129	0.034132582216259
Allele 131	0.032879791594367
Allele 133	0.035131152613910
Allele 135	0.036250401284706
Allele 137	0.032984671922432
Allele 139	0.033731550971304
Allele 145	0.032948511540543
Allele 147	0.037345619839043
Allele 149	0.033106313074750
Allele 152	0.034821724728920
Allele 218	0.033073161537293
Allele 220	0.034016276146481
Allele 222	0.035350122507834
Allele 224	0.035378896024158
Allele 226	0.035747483997419
Allele 228	0.033105267118109
Allele 230	0.033214451230635
Allele 232	0.040066056329551
Allele 234	0.036123280325825
Allele 236	0.032957793564526
Allele 238	0.035996275430475
Allele 240	0.032915321333050
Allele 250	0.033006243294915

Locus 010
Allele 123	0.027338621661824
Allele 125	0.027053523212125
Allele 127	0.026914520541538
Allele 129	0.028603787624457
Allele 131	0.028865650830249
Allele 133	0.029091641246400
Allele 135	0.027240653896115
Allele 137	0.027565080893164
Allele 139	0.027353967133803
Allele 141	0.027564145411096
Allele 143	0.026812173333391
Allele 145	0.026833998657604
Allele 147	0.030477087488320
Allele 149	0.029330367980145
Allele 152	0.026611698627811
Allele 155	0.026835513782597
Allele 157	0.028452864867363
Allele 220	0.026815503426066
Allele 222	0.029594825779700
Allele 224	0.026751871253362
Allele 226	0.028792081717139
Allele 228	0.026703694167371
Allele 230	0.027997544842013
Allele 232	0.026817393513901
Allele 234	0.028163394866610
Allele 236	0.031915705389788
Allele 238	0.028842993344394
Allele 240	0.027490951235065
Allele 242	0.027146273154511
Allele 244	0.027262974532433
Allele 246	0.027015106882046
Allele 248	0.026570725643275
Allele 250	0.026805888539323
Allele 252	0.026942126386732
Allele 254	0.026686590688882
Allele 256	0.028739057449385


Cluster 08
Locus 001
Allele 092	0.103353539905431
Allele 094	0.103685029638718
Allele 096	0.093921899691735
Allele 098	0.100477732877988
Allele 100	0.104500232300427
Allele 102	0.097108773678204
Allele 104	0.116498935923024
Allele 106	0.096945935158664
Allele 108	0.090683388945058
Allele 110	0.092824531880757

Locus 002
Allele 094	0.070566738220270
Allele 096	0.068136802065467
Allele 098	0.076312086500578
Allele 100	0.074258730223880
Allele 102	0.070908436272861
Allele 104	0.088197817495109
Allele 106	0.081674335422701
Allele 108	0.066737942517097
Allele 110	0.068027523824784
Allele 112	0.071221600032794
Allele 114	0.065159318445660
Allele 124	0.067372037148096
Allele 126	0.065967162554435
Allele 149	0.065459469276271

Locus 003
Allele 118	0.046819577064001
Allele 122	0.046955843100427
Allele 124	0.053167854634544
Allele 126	0.067204573639409
Allele 128	0.047954752840320
Allele 130	0.048492760532135
Allele 132	0.047848333343480
Allele 137	0.047798244326745
Allele 202	0.047918942338442
Allele 204	0.046974909670932
Allele 206	0.046931028023896
Allele 208	0.060325039368823
Allele 210	0.048223963056408
Allele 212	0.048684550479371
Allele 214	0.052776034246715
Allele 216	0.047032637149921
Allele 218	0.047518707238342
Allele 220	0.046569745528901
Allele 224	0.047914331741236
Allele 226	0.052888171675953

Locus 004
Allele 124	0.041490709231914
Allele 126	0.043000948897048
Allele 127	0.045257888540422
Allele 128	0.042349007255793
Allele 130	0.041251883581550
Allele 132	0.043145198903756
Allele 134	0.041065820079427
Allele 135	0.052859099076350
Allele 137	0.044575925604419
Allele 151	0.043667465431360
Allele 208	0.045350064636395
Allele 210	0.041933385181374
Allele 212	0.042228752595022
Allele 214	0.041038759897129
Allele 216	0.043783628494387
Allele 218	0.043465918481443
Allele 220	0.042135872723556
Allele 222	0.049095922470914
Allele 224	0.041614307580881
Allele 226	0.041796856795413
Allele 228	0.041221318069576
Allele 233	0.046255982701849
Allele 238	0.041415283770022

Locus 005
Allele 121	0.054663192037278
Allele 123	0.059680746140762
Allele 125	0.053359822168479
Allele 127	0.052056641818381
Allele 129	0.057320512301554
Allele 130	0.051838579342207
Allele 131	0.053266048920589
Allele 133	0.054182915424237
Allele 135	0.057856070183141
Allele 136	0.053806137312660
Allele 137	0.054779769239096
Allele 138	0.060606202688945
Allele 139	0.058392079655416
Allele 141	0.052298510923457
Allele 145	0.058454140862565
Allele 146	0.054717025578911
Allele 148	0.060733912885294
Allele 150	0.051987692517025

Locus 006
Allele 121	0.043905619085766
Allele 123	0.045426029471320
Allele 125	0.044085236733562
Allele 129	0.043081198986452
Allele 131	0.043689178578947
Allele 133	0.049582015072391
Allele 135	0.044946253836727
Allele 136	0.043283419784627
Allele 137	0.054293904931068
Allele 138	0.044231112411297
Allele 139	0.045587957503082
Allele 141	0.043383604779710
Allele 143	0.042712761577218
Allele 145	0.045175456178939
Allele 146	0.043259411875210
Allele 147	0.047383541700747
Allele 148	0.046407733557100
Allele 150	0.044674365069707
Allele 151	0.042991185567021
Allele 152	0.056160891889148
Allele 156	0.042899406840159
Allele 161	0.042839714569803

Locus 007
Allele 093	0.047694743317142
Allele 095	0.045891736532508
Allele 096	0.042791722993436
Allele 097	0.043823015942825
Allele 099	0.045485844190225
Allele 100	0.043946275273308
Allele 101	0.050804436812796
Allele 103	0.051017468941951
Allele 105	0.043517037525086
Allele 107	0.043274208515431
Allele 109	0.045632970642466
Allele 110	0.043317431209676
Allele 125	0.043017435225557
Allele 161	0.042890112194106
Allele 165	0.043217793130509
Allele 167	0.046071264712693
Allele 169	0.046819588962867
Allele 171	0.052297248397592
Allele 173	0.047943438253833
Allele 175	0.043265751536016
Allele 177	0.043397694111920
Allele 181	0.043882781578056

Locus 008
Allele 095	0.039727061022762
Allele 097	0.041044228282661
Allele 099	0.039772465056870
Allele 100	0.040684168164851
Allele 101	0.048052201794278
Allele 103	0.048733104549043
Allele 105	0.039706900937241
Allele 107	0.040396408780104
Allele 109	0.041733789304942
Allele 110	0.039847066750903
Allele 113	0.043421881944190
Allele 121	0.040641380467140
Allele 123	0.040002557289421
Allele 131	0.039894170843468
Allele 167	0.039542697123090
Allele 169	0.040950569321039
Allele 171	0.045944842682030
Allele 173	0.044732777291428
Allele 175	0.044758420059522
Allele 177	0.040070845202202
Allele 179	0.039518287629369
Allele 181	0.040819921269250
Allele 183	0.040083289013724
Allele 185	0.039920965220471

Locus 009
Allele 108	0.034932612591813
Allele 115	0.032911240651581
Allele 121	0.033810509453392
Allele 123	0.034468049028306
Allele 125	0.035705010656537
Allele 127	0.033213616728159
Allele 129	0.033628730949706
Allele 131	0.033522913161866
Allele 133	0.034860972148029
Allele 135	0.036476657568454
Allele 137	0.032934674559604
Allele 139	0.033770292148058
Allele 145	0.032935649845860
Allele 147	0.037060317364067
Allele 149	0.032942941241077
Allele 152	0.035994970182264
Allele 218	0.032910693467272
Allele 220	0.033929316772661
Allele 222	0.036865686918052
Allele 224	0.035329390833146
Allele 226	0.035826553017448
Allele 228	0.033383560472140
Allele 230	0.032828539399755
Allele 232	0.039030861227694
Allele 234	0.035286390428199
Allele 236	0.032850710613658
Allele 238	0.036638067326979
Allele 240	0.033005623511881
Allele 250	0.032945447732339

Locus 010
Allele 123	0.027340706534345
Allele 125	0.027065761552689
Allele 127	0.026986068846105
Allele 129	0.028686912300808
Allele 131	0.028384125474351
Allele 133	0.028390022973798
Allele 135	0.026922802635729
Allele 137	0.027656720024064
Allele 139	0.027612121007440
Allele 141	0.027485903041365
Allele 143	0.026840412822004
Allele 145	0.026636053722156
Allele 147	0.030190277392756
Allele 149	0.029885865887045
Allele 152	0.026711492533005
Allele 155	0.026817028364671
Allele 157	0.029248729866094
Allele 220	0.026856623045399
Allele 222	0.029801247256486
Allele 224	0.026632238044006
Allele 226	0.029956982088145
Allele 228	0.027236667671122
Allele 230	0.027648126926318
Allele 232	0.026849659788996
Allele 234	0.028264292021820
Allele 236	0.031136274799989
Allele 238	0.028710755580864
Allele 240	0.027435877332664
Allele 242	0.027077752571898
Allele 244	0.027206262138289
Allele 246	0.026970321772839
Allele 248	0.026807611345116
Allele 250	0.026715039306995
Allele 252	0.026869560256886
Allele 254	0.026787205230973
Allele 256	0.028176497842769



Estimated Mixing Proportions
0.010664133333333
0.933123200000000
0.008535866666667
0.009196266666667
0.008280133333333
0.009271466666667
0.010316400000000
0.010612533333333



