Estimated Clustering Probabilities for Samples
Sample	***Cluster  01***	***Cluster  02***	***Cluster  03***	***Cluster  04***	***Cluster  05***	***Cluster  06***	***Cluster  07***	***Cluster  08***	
000001:	0.005482500000000	0.961102500000000	0.004925000000000	0.006497500000000	0.004594000000000	0.005187500000000	0.007021000000000	0.005190000000000		1
000002:	0.005582000000000	0.961427000000000	0.004747500000000	0.006770500000000	0.004176000000000	0.005378500000000	0.007070000000000	0.004848500000000		1
000003:	0.003061500000000	0.978998000000000	0.002403000000000	0.003499500000000	0.002376500000000	0.002853500000000	0.003944500000000	0.002863500000000		1
000004:	0.008861500000000	0.940010000000000	0.008270500000000	0.009841000000000	0.007106000000000	0.007847000000000	0.010172500000000	0.007891500000000		1
000005:	0.007246000000000	0.952253500000000	0.006548500000000	0.006961500000000	0.005957000000000	0.006989500000000	0.008095500000000	0.005948500000000		1
000006:	0.003263000000000	0.977890000000000	0.002871000000000	0.003231500000000	0.002638500000000	0.003277500000000	0.003817500000000	0.003011000000000		1
000007:	0.033185500000000	0.769670000000000	0.034501500000000	0.032974500000000	0.026033000000000	0.032995000000000	0.037484500000000	0.033156000000000		1
000008:	0.010120000000000	0.930935500000000	0.010416000000000	0.009298500000000	0.008683500000000	0.009674500000000	0.011458000000000	0.009414000000000		1
000009:	0.015810000000000	0.894308000000000	0.015177500000000	0.013180000000000	0.013817500000000	0.015139500000000	0.017490000000000	0.015077500000000		1
000010:	0.013632500000000	0.909089500000000	0.014231500000000	0.013514000000000	0.010772000000000	0.012998000000000	0.014383500000000	0.011379000000000		1
000011:	0.014701500000000	0.901362000000000	0.014595500000000	0.014526500000000	0.012401500000000	0.014313500000000	0.015255500000000	0.012844000000000		1
000012:	0.004560500000000	0.970351500000000	0.004313500000000	0.004371500000000	0.003672500000000	0.004223000000000	0.004351500000000	0.004156000000000		1
000013:	0.009115000000000	0.937656000000000	0.009734500000000	0.009710500000000	0.007623500000000	0.008163000000000	0.009509000000000	0.008488500000000		1
000014:	0.008315500000000	0.941498500000000	0.008637000000000	0.009492000000000	0.007110500000000	0.007811000000000	0.008824000000000	0.008311500000000		1
000015:	0.007442500000000	0.946454000000000	0.007301000000000	0.007984500000000	0.006798000000000	0.007486000000000	0.009447500000000	0.007086500000000		1
000016:	0.002300500000000	0.983201500000000	0.002163000000000	0.003083000000000	0.001920000000000	0.002324000000000	0.002909000000000	0.002099000000000		1
000017:	0.007979500000000	0.943401500000000	0.007812500000000	0.008687500000000	0.007249000000000	0.007901000000000	0.009593000000000	0.007376000000000		1
000018:	0.009578000000000	0.932663000000000	0.008919000000000	0.011073500000000	0.008184500000000	0.009324000000000	0.011348500000000	0.008909500000000		1
000019:	0.032462500000000	0.790613000000000	0.035268500000000	0.030669000000000	0.028600500000000	0.028970000000000	0.024470500000000	0.028946000000000		1
000020:	0.018347500000000	0.876511500000000	0.020321500000000	0.017376000000000	0.017276500000000	0.018581500000000	0.014545500000000	0.017040000000000		1
000021:	0.019232500000000	0.870620500000000	0.021313500000000	0.019937000000000	0.017289000000000	0.017177000000000	0.016367500000000	0.018063000000000		1
000022:	0.031037000000000	0.799474000000000	0.032555000000000	0.026827000000000	0.028515500000000	0.026449000000000	0.028952500000000	0.026190000000000		1
000023:	0.003134500000000	0.978774500000000	0.003044500000000	0.003379500000000	0.002767500000000	0.002778500000000	0.003321000000000	0.002800000000000		1
000024:	0.004857500000000	0.966671000000000	0.004925500000000	0.005220000000000	0.004395000000000	0.004671000000000	0.004653000000000	0.004607000000000		1
000025:	0.006670500000000	0.954661500000000	0.006455500000000	0.008073500000000	0.005765500000000	0.006111000000000	0.006373000000000	0.005889500000000		1
000026:	0.006854000000000	0.951939500000000	0.006156500000000	0.007187000000000	0.005910500000000	0.006293000000000	0.009452500000000	0.006207000000000		1
000027:	0.006786500000000	0.951586500000000	0.006703500000000	0.007893500000000	0.005755000000000	0.006994000000000	0.008002000000000	0.006279000000000		1
000028:	0.002714500000000	0.978926000000000	0.002412000000000	0.004176500000000	0.002600500000000	0.003056500000000	0.003752500000000	0.002361500000000		1
000029:	0.007741500000000	0.929739500000000	0.006818500000000	0.014644000000000	0.007738500000000	0.011025000000000	0.012830000000000	0.009463000000000		1
000030:	0.010051000000000	0.912428000000000	0.008109500000000	0.016522500000000	0.010331000000000	0.013942000000000	0.019375000000000	0.009241000000000		1
000031:	0.004071000000000	0.967790000000000	0.003616500000000	0.005543500000000	0.003497000000000	0.004726000000000	0.006317000000000	0.004439000000000		1
000032:	0.002767500000000	0.977021000000000	0.002446500000000	0.004643000000000	0.002569000000000	0.003340000000000	0.004539500000000	0.002673500000000		1
000033:	0.006648000000000	0.946639500000000	0.006237000000000	0.008753500000000	0.006591500000000	0.007016500000000	0.010926000000000	0.007188000000000		1
000034:	0.003851500000000	0.968143000000000	0.003459500000000	0.006150500000000	0.003584000000000	0.004191000000000	0.006905000000000	0.003715500000000		1
000035:	0.005944500000000	0.956238000000000	0.004491000000000	0.008830500000000	0.005060000000000	0.006104000000000	0.007997500000000	0.005334500000000		1
000036:	0.005193000000000	0.961873000000000	0.004903500000000	0.006930000000000	0.004513500000000	0.005085500000000	0.006929500000000	0.004572000000000		1
000037:	0.005806500000000	0.962631500000000	0.004220000000000	0.006143000000000	0.004240500000000	0.005126000000000	0.006936000000000	0.004896500000000		1
000038:	0.006530500000000	0.944659000000000	0.005690500000000	0.010839000000000	0.005910500000000	0.008814500000000	0.010278000000000	0.007278000000000		1
000039:	0.006892500000000	0.921173000000000	0.005804500000000	0.022175000000000	0.008932500000000	0.010688000000000	0.013416000000000	0.010918500000000		1
000040:	0.003145500000000	0.966697000000000	0.002510000000000	0.007860500000000	0.003772500000000	0.005046500000000	0.007030000000000	0.003938000000000		1
000041:	0.005874000000000	0.952057500000000	0.004148500000000	0.011997500000000	0.004785500000000	0.006278500000000	0.009353500000000	0.005505000000000		1
000042:	0.004021500000000	0.970059000000000	0.003004500000000	0.005854500000000	0.002885500000000	0.004461500000000	0.006214500000000	0.003499000000000		1
000043:	0.005273000000000	0.960538000000000	0.003938500000000	0.007653000000000	0.004381500000000	0.005174000000000	0.008245500000000	0.004796500000000		1
000044:	0.004395000000000	0.970290000000000	0.002986500000000	0.005692000000000	0.003246000000000	0.004004000000000	0.005854500000000	0.003532000000000		1
000045:	0.019127500000000	0.872190000000000	0.021032500000000	0.016091000000000	0.018411000000000	0.016959500000000	0.019009000000000	0.017179500000000		1
000046:	0.007657000000000	0.948991000000000	0.007782000000000	0.006798000000000	0.007327500000000	0.006713500000000	0.007506500000000	0.007224500000000		1
000047:	0.020910000000000	0.868344500000000	0.020029000000000	0.015942500000000	0.018183500000000	0.018456000000000	0.019389500000000	0.018745000000000		1
000048:	0.031536000000000	0.790077000000000	0.033072500000000	0.027420000000000	0.027361500000000	0.028164500000000	0.032315000000000	0.030053500000000		1
000049:	0.028911500000000	0.803411500000000	0.028620000000000	0.026997000000000	0.025873500000000	0.027873000000000	0.031815500000000	0.026498000000000		1
000050:	0.025921500000000	0.824231500000000	0.025253500000000	0.023738500000000	0.021836500000000	0.025126000000000	0.027841500000000	0.026051000000000		1
000051:	0.031990500000000	0.773645000000000	0.034272500000000	0.026463000000000	0.031975000000000	0.031366000000000	0.037385500000000	0.032902500000000		1
000052:	0.009914000000000	0.934120000000000	0.009538000000000	0.008494500000000	0.009370500000000	0.008508500000000	0.010507500000000	0.009547000000000		1
000053:	0.005471500000000	0.963636500000000	0.005768500000000	0.005142500000000	0.004973000000000	0.004705000000000	0.005223500000000	0.005079500000000		1
000054:	0.024117000000000	0.833117500000000	0.026770500000000	0.019765000000000	0.024507000000000	0.022692500000000	0.024472000000000	0.024558500000000		1
000055:	0.010905000000000	0.929489500000000	0.010567000000000	0.009920500000000	0.009686000000000	0.010130000000000	0.009825500000000	0.009476500000000		1
000056:	0.010574000000000	0.928108500000000	0.011097500000000	0.010090000000000	0.009590000000000	0.009753500000000	0.010708500000000	0.010078000000000		1
000057:	0.019723500000000	0.875609000000000	0.020324500000000	0.016980500000000	0.017349000000000	0.017368500000000	0.015855500000000	0.016789500000000		1
000058:	0.007608500000000	0.947656500000000	0.008410500000000	0.006944500000000	0.007580000000000	0.007277500000000	0.007544000000000	0.006978500000000		1
000059:	0.022711000000000	0.830351500000000	0.030905000000000	0.021495500000000	0.023068500000000	0.025098000000000	0.022616500000000	0.023754000000000		1
000060:	0.021962500000000	0.856480000000000	0.022924000000000	0.022011500000000	0.018640500000000	0.019325500000000	0.019649000000000	0.019007000000000		1
000061:	0.010495000000000	0.929460000000000	0.011082500000000	0.010406500000000	0.009225500000000	0.009957500000000	0.009274500000000	0.010098500000000		1
000062:	0.030080500000000	0.808743000000000	0.031864000000000	0.024553000000000	0.026856500000000	0.026476500000000	0.023975000000000	0.027451500000000		1
000063:	0.014260000000000	0.898681000000000	0.016235500000000	0.014752000000000	0.014615500000000	0.014357500000000	0.013122000000000	0.013976500000000		1
000064:	0.038082000000000	0.732562500000000	0.045910000000000	0.034665000000000	0.035294000000000	0.038692000000000	0.036579500000000	0.038215000000000		1
000065:	0.015491000000000	0.887929500000000	0.017457000000000	0.017900000000000	0.014404500000000	0.014880500000000	0.014417000000000	0.017520500000000		1
000066:	0.008886500000000	0.930489000000000	0.010722500000000	0.012526000000000	0.010121000000000	0.008397500000000	0.008678500000000	0.010179000000000		1
000067:	0.003812500000000	0.971511000000000	0.003404500000000	0.005016500000000	0.003532000000000	0.003959500000000	0.004981500000000	0.003782500000000		1
000068:	0.009281500000000	0.930926000000000	0.008831000000000	0.012436000000000	0.008525000000000	0.009735500000000	0.011446000000000	0.008819000000000		1
000069:	0.004867500000000	0.969477000000000	0.003549500000000	0.004708500000000	0.003408000000000	0.004266000000000	0.005463000000000	0.004260500000000		1
000070:	0.006034500000000	0.953506500000000	0.006117000000000	0.008890000000000	0.005320000000000	0.006656500000000	0.007562500000000	0.005913000000000		1
000071:	0.003320000000000	0.975137500000000	0.002951500000000	0.004300500000000	0.003184500000000	0.003315000000000	0.004480000000000	0.003311000000000		1
000072:	0.004153000000000	0.972844500000000	0.002313000000000	0.005312500000000	0.002647000000000	0.003628000000000	0.005768500000000	0.003333500000000		1
000073:	0.003191500000000	0.971458500000000	0.002815000000000	0.006436500000000	0.003063500000000	0.003898000000000	0.005748000000000	0.003389000000000		1
000074:	0.006111500000000	0.945112000000000	0.005331500000000	0.009565500000000	0.006544500000000	0.008690500000000	0.011179000000000	0.007465500000000		1
000075:	0.004243000000000	0.953084000000000	0.003927500000000	0.008548500000000	0.004317500000000	0.005723000000000	0.015265000000000	0.004891500000000		1



Estimated Allele Frequencies
Cluster 01
Locus 001
Allele 092	0.114673054557870
Allele 094	0.113338988126621
Allele 096	0.106169662619679
Allele 098	0.115825182703946
Allele 100	0.113255962725029
Allele 102	0.106055600473567
Allele 104	0.111910463081781
Allele 106	0.117283854977272
Allele 108	0.101487230734230

Locus 002
Allele 118	0.081218214162194
Allele 122	0.080942320262304
Allele 124	0.082582750084224
Allele 126	0.093258988473685
Allele 127	0.080704515106582
Allele 128	0.085768926003759
Allele 130	0.083175593555675
Allele 132	0.085247959664985
Allele 134	0.077930060027372
Allele 135	0.084207233822045
Allele 137	0.085919558377345
Allele 151	0.079043880459830

Locus 003
Allele 130	0.068909515786421
Allele 133	0.069046656331084
Allele 136	0.071857381263820
Allele 138	0.074730435355826
Allele 139	0.072637093133881
Allele 141	0.073821850394026
Allele 143	0.066607787783901
Allele 145	0.072878819317142
Allele 146	0.071427528028353
Allele 147	0.070239545158704
Allele 148	0.074949029583361
Allele 150	0.070766243237682
Allele 152	0.073781885693989
Allele 156	0.068346228931811

Locus 004
Allele 093	0.057763842521637
Allele 095	0.059228108999276
Allele 096	0.055516403915668
Allele 097	0.059549741328956
Allele 099	0.060908097377382
Allele 100	0.059630129906038
Allele 101	0.062737763777858
Allele 103	0.064245497360815
Allele 105	0.057198325355332
Allele 107	0.058493379135536
Allele 109	0.057045246580001
Allele 110	0.056730865377011
Allele 113	0.061334693188865
Allele 121	0.058462895532479
Allele 123	0.056128746028922
Allele 125	0.057878599245131
Allele 131	0.057147664369087

Locus 005
Allele 218	0.047736108600308
Allele 220	0.049943654252366
Allele 222	0.050832886529115
Allele 224	0.050881694695580
Allele 226	0.051019366812094
Allele 228	0.050535212432207
Allele 230	0.051463148948032
Allele 232	0.050743927345321
Allele 234	0.053344326310902
Allele 236	0.051583388479188
Allele 238	0.050245815439492
Allele 240	0.050228586449669
Allele 242	0.048586437368793
Allele 244	0.048936512186230
Allele 246	0.049694329337314
Allele 248	0.049187269651639
Allele 250	0.050735028210822
Allele 252	0.049381500214885
Allele 254	0.047101643883594
Allele 256	0.047819162852446

Locus 006
Allele 094	0.072402217059640
Allele 096	0.071599662056918
Allele 098	0.072995939209109
Allele 100	0.066540497923730
Allele 102	0.072660636410449
Allele 104	0.077223827969164
Allele 106	0.073794782272942
Allele 108	0.070698274306723
Allele 110	0.075371002516778
Allele 112	0.073718886436525
Allele 114	0.067399529931065
Allele 124	0.069662405865585
Allele 126	0.068820422340622
Allele 149	0.067111915700751

Locus 007
Allele 202	0.060927230726497
Allele 204	0.060199852474021
Allele 206	0.059172987158711
Allele 208	0.065530473656581
Allele 210	0.064901551969070
Allele 212	0.062603414250688
Allele 214	0.063237552175067
Allele 216	0.062212956555385
Allele 218	0.061848899776928
Allele 220	0.062586821175184
Allele 222	0.066797424758395
Allele 224	0.062355294212826
Allele 226	0.064659618971584
Allele 228	0.061183558368537
Allele 233	0.060491121097257
Allele 238	0.061291242673267

Locus 008
Allele 121	0.091993034349539
Allele 123	0.096887721721009
Allele 125	0.089712759978540
Allele 127	0.083161194941527
Allele 129	0.090067792968744
Allele 131	0.090907080177185
Allele 133	0.095228299863376
Allele 135	0.090550772677966
Allele 137	0.102025868003657
Allele 151	0.083728799334407
Allele 161	0.085736675984050

Locus 009
Allele 161	0.078408148577112
Allele 165	0.079842212644437
Allele 167	0.088083653611150
Allele 169	0.083390196267138
Allele 171	0.085969692296465
Allele 173	0.088111752665403
Allele 175	0.083384621183092
Allele 177	0.082481631709405
Allele 179	0.078984429437842
Allele 181	0.083925469253386
Allele 183	0.085081095822068
Allele 185	0.082337096532501

Locus 010
Allele 108	0.049023715075928
Allele 115	0.049255365442167
Allele 121	0.048688981392053
Allele 123	0.051574514350125
Allele 125	0.049881527681364
Allele 127	0.049469861757151
Allele 129	0.049774864522794
Allele 131	0.049569029874439
Allele 133	0.051189327586117
Allele 135	0.049013839315162
Allele 137	0.052124006293406
Allele 139	0.053495284766279
Allele 141	0.051129008659737
Allele 143	0.048011798268576
Allele 145	0.048016448238792
Allele 147	0.051308876526341
Allele 149	0.050146315702115
Allele 152	0.049956682779078
Allele 155	0.048377926499528
Allele 157	0.049992625268848


Cluster 02
Locus 001
Allele 092	0.036530514392736
Allele 094	0.403594145510764
Allele 096	0.062502614689429
Allele 098	0.201344036821630
Allele 100	0.086865654280941
Allele 102	0.090404745121872
Allele 104	0.073055596340239
Allele 106	0.027731390219414
Allele 108	0.017971302622968

Locus 002
Allele 118	0.015484576772815
Allele 122	0.028543332480080
Allele 124	0.213502979399701
Allele 126	0.125080797232127
Allele 127	0.009054068602259
Allele 128	0.098092234593772
Allele 130	0.073886543389902
Allele 132	0.238056338516289
Allele 134	0.011005169992321
Allele 135	0.105869760490119
Allele 137	0.071581974508898
Allele 151	0.009842224021714

Locus 003
Allele 130	0.022813044052750
Allele 133	0.009855282286604
Allele 136	0.132415956202441
Allele 138	0.103004886098493
Allele 139	0.137575354734894
Allele 141	0.032108891428582
Allele 143	0.011508607556667
Allele 145	0.085112611506503
Allele 146	0.112514341587390
Allele 147	0.009025186965155
Allele 148	0.149119582447014
Allele 150	0.080109056733411
Allele 152	0.097890537154660
Allele 156	0.016946661245436

Locus 004
Allele 093	0.047677050820486
Allele 095	0.072689329898299
Allele 096	0.011427874570707
Allele 097	0.188041960052497
Allele 099	0.051483975371253
Allele 100	0.084796983563476
Allele 101	0.152585426547191
Allele 103	0.138183248559790
Allele 105	0.048685553147143
Allele 107	0.093001636990981
Allele 109	0.022494293578349
Allele 110	0.023121396031561
Allele 113	0.013192220705747
Allele 121	0.015374902307288
Allele 123	0.017074849685059
Allele 125	0.010088347930364
Allele 131	0.010080950239814

Locus 005
Allele 218	0.011397286611517
Allele 220	0.097323679876016
Allele 222	0.133950615717491
Allele 224	0.134326705881836
Allele 226	0.096429956976234
Allele 228	0.046291614629302
Allele 230	0.045396016199413
Allele 232	0.065031337189086
Allele 234	0.068654250864775
Allele 236	0.057795308025380
Allele 238	0.077687594757222
Allele 240	0.040398062625113
Allele 242	0.035878318256706
Allele 244	0.010192852629796
Allele 246	0.015510326485148
Allele 248	0.010233104777966
Allele 250	0.014592826364021
Allele 252	0.016192363297862
Allele 254	0.011682802535355
Allele 256	0.011034976299765

Locus 006
Allele 094	0.106476263751469
Allele 096	0.173637952224668
Allele 098	0.039887651846896
Allele 100	0.011702839377474
Allele 102	0.099472535961767
Allele 104	0.241464999469823
Allele 106	0.144927602600836
Allele 108	0.068203921628254
Allele 110	0.050837069876033
Allele 112	0.019663256885832
Allele 114	0.011459846263252
Allele 124	0.009674997841659
Allele 126	0.010676901663928
Allele 149	0.011914160608112

Locus 007
Allele 202	0.009904849304794
Allele 204	0.024022157142939
Allele 206	0.011553478522348
Allele 208	0.138969209648168
Allele 210	0.039414265830309
Allele 212	0.188026317343213
Allele 214	0.107100759076359
Allele 216	0.115142052233131
Allele 218	0.062188771473936
Allele 220	0.054810117976196
Allele 222	0.057618137575568
Allele 224	0.115141973931158
Allele 226	0.039683422801784
Allele 228	0.016353852892546
Allele 233	0.010357595043617
Allele 238	0.009713039203935

Locus 008
Allele 121	0.085527391396431
Allele 123	0.080702484277185
Allele 125	0.056262387390469
Allele 127	0.014212889816911
Allele 129	0.055101548667880
Allele 131	0.273533117774929
Allele 133	0.152908894877962
Allele 135	0.188227258410080
Allele 137	0.067901461541725
Allele 151	0.013178116773001
Allele 161	0.012444449073427

Locus 009
Allele 161	0.014403024942514
Allele 165	0.029753928067817
Allele 167	0.054976028055562
Allele 169	0.099802632622958
Allele 171	0.284948652587971
Allele 173	0.193055299245830
Allele 175	0.107175981333746
Allele 177	0.108277385634560
Allele 179	0.013621989699271
Allele 181	0.042242340570014
Allele 183	0.025032135254742
Allele 185	0.026710601985020

Locus 010
Allele 108	0.028447706204141
Allele 115	0.009832205902250
Allele 121	0.010377445881780
Allele 123	0.045644464341119
Allele 125	0.098742095970314
Allele 127	0.074125676539370
Allele 129	0.086013703249374
Allele 131	0.092860548862894
Allele 133	0.168731945271225
Allele 135	0.106101394667135
Allele 137	0.083907282654042
Allele 139	0.024477430745169
Allele 141	0.039884781941752
Allele 143	0.010993469660785
Allele 145	0.030093180397497
Allele 147	0.020439944623746
Allele 149	0.028153212616234
Allele 152	0.015309607187170
Allele 155	0.010600326724916
Allele 157	0.015263576559086


Cluster 03
Locus 001
Allele 092	0.117199088363928
Allele 094	0.112916055151440
Allele 096	0.106270190018705
Allele 098	0.116814505438707
Allele 100	0.111733454314978
Allele 102	0.104494762737098
Allele 104	0.112505080613575
Allele 106	0.117506293862893
Allele 108	0.100560569498673

Locus 002
Allele 118	0.080729247222057
Allele 122	0.080850558341288
Allele 124	0.082503060027423
Allele 126	0.094557513014396
Allele 127	0.081214038607665
Allele 128	0.085610305109441
Allele 130	0.082690613312584
Allele 132	0.084613660695366
Allele 134	0.077894729915954
Allele 135	0.083642324351571
Allele 137	0.085937805297112
Allele 151	0.079756144105144

Locus 003
Allele 130	0.068919717140279
Allele 133	0.069232195508953
Allele 136	0.071341305864017
Allele 138	0.074568368438044
Allele 139	0.073047369735429
Allele 141	0.074161421265411
Allele 143	0.066458049949361
Allele 145	0.072973624185851
Allele 146	0.071973028176220
Allele 147	0.070624612631626
Allele 148	0.074730633101534
Allele 150	0.070176023098969
Allele 152	0.073677324379701
Allele 156	0.068116326524607

Locus 004
Allele 093	0.057694935116706
Allele 095	0.058806836661554
Allele 096	0.055870378485516
Allele 097	0.059558295255610
Allele 099	0.061086402760301
Allele 100	0.059962074544395
Allele 101	0.063800425083763
Allele 103	0.064748578043427
Allele 105	0.056879265702584
Allele 107	0.058054593314244
Allele 109	0.056452784977670
Allele 110	0.056522402905891
Allele 113	0.061151302869455
Allele 121	0.058721622279800
Allele 123	0.055772314830470
Allele 125	0.057463377378308
Allele 131	0.057454409790305

Locus 005
Allele 218	0.047385556188241
Allele 220	0.049612282056625
Allele 222	0.051073316942386
Allele 224	0.051150198880323
Allele 226	0.050690384258125
Allele 228	0.050611203438744
Allele 230	0.051272937733160
Allele 232	0.050861303162593
Allele 234	0.053534104469538
Allele 236	0.051533251852384
Allele 238	0.050843636726291
Allele 240	0.050096219036571
Allele 242	0.048340052596867
Allele 244	0.049245092236630
Allele 246	0.049865265090163
Allele 248	0.048913217561294
Allele 250	0.051181954853833
Allele 252	0.048828573049827
Allele 254	0.047390835660312
Allele 256	0.047570614206098

Locus 006
Allele 094	0.072438162710164
Allele 096	0.070750599142916
Allele 098	0.073831886698329
Allele 100	0.066616061907985
Allele 102	0.072544293106853
Allele 104	0.078296518594002
Allele 106	0.073504236419328
Allele 108	0.070580110156593
Allele 110	0.075751407980307
Allele 112	0.073364905958237
Allele 114	0.067233952271435
Allele 124	0.069781559239188
Allele 126	0.068664665788839
Allele 149	0.066641640025827

Locus 007
Allele 202	0.061417563528283
Allele 204	0.059945960356660
Allele 206	0.058706437396632
Allele 208	0.065617873753411
Allele 210	0.065493452131480
Allele 212	0.062320176338823
Allele 214	0.063549809236437
Allele 216	0.061920797476825
Allele 218	0.061480446870326
Allele 220	0.062831248868335
Allele 222	0.067468626404198
Allele 224	0.061914731218865
Allele 226	0.064322003194315
Allele 228	0.060862696365015
Allele 233	0.060494031932054
Allele 238	0.061654144928342

Locus 008
Allele 121	0.091775453088689
Allele 123	0.096854853646575
Allele 125	0.089307699546113
Allele 127	0.083063503605890
Allele 129	0.090122315227468
Allele 131	0.089936442042900
Allele 133	0.094852510348800
Allele 135	0.089744330464780
Allele 137	0.105060961055878
Allele 151	0.083308563449061
Allele 161	0.085973367523847

Locus 009
Allele 161	0.077987137569916
Allele 165	0.078883485821451
Allele 167	0.087718513443933
Allele 169	0.082491052510434
Allele 171	0.086591556904506
Allele 173	0.089374628143573
Allele 175	0.083006346708678
Allele 177	0.083253333110621
Allele 179	0.079490242156036
Allele 181	0.083945796864955
Allele 183	0.085200664434567
Allele 185	0.082057242331332

Locus 010
Allele 108	0.049269797452639
Allele 115	0.049403296881887
Allele 121	0.048647315432408
Allele 123	0.051712869687476
Allele 125	0.049835211315482
Allele 127	0.049122203211812
Allele 129	0.050271651854584
Allele 131	0.049319743404505
Allele 133	0.050959100951364
Allele 135	0.049051174604887
Allele 137	0.052140554154521
Allele 139	0.053818176398264
Allele 141	0.051096694699495
Allele 143	0.048175499357280
Allele 145	0.048011546877120
Allele 147	0.051049911292800
Allele 149	0.049664777514528
Allele 152	0.049664331018102
Allele 155	0.048740941588453
Allele 157	0.050045202302394


Cluster 04
Locus 001
Allele 092	0.113156000398434
Allele 094	0.114822661041067
Allele 096	0.107587413343403
Allele 098	0.114875548856164
Allele 100	0.110822080638021
Allele 102	0.109096854647041
Allele 104	0.111376532900407
Allele 106	0.116935833331636
Allele 108	0.101327074843823

Locus 002
Allele 118	0.080691421884075
Allele 122	0.081306781574583
Allele 124	0.083728323900724
Allele 126	0.091712191532326
Allele 127	0.079763555895628
Allele 128	0.086093550594992
Allele 130	0.082515570272711
Allele 132	0.087232372901070
Allele 134	0.077871242514462
Allele 135	0.084583525415722
Allele 137	0.086094465376606
Allele 151	0.078406998137100

Locus 003
Allele 130	0.069549713093767
Allele 133	0.067948373922098
Allele 136	0.071509410390795
Allele 138	0.074931765801380
Allele 139	0.073304395154171
Allele 141	0.073024174056065
Allele 143	0.066981033316017
Allele 145	0.073315317922378
Allele 146	0.071567956487435
Allele 147	0.069351440077019
Allele 148	0.074973062988779
Allele 150	0.072555820834277
Allele 152	0.073187960293025
Allele 156	0.067799575662793

Locus 004
Allele 093	0.058209733441776
Allele 095	0.059248071212587
Allele 096	0.055499986842403
Allele 097	0.059825993239375
Allele 099	0.060587654291683
Allele 100	0.060333869044028
Allele 101	0.062733721670064
Allele 103	0.064070982643618
Allele 105	0.057799341247894
Allele 107	0.058287218009967
Allele 109	0.058625477540676
Allele 110	0.057565336926688
Allele 113	0.059400667350083
Allele 121	0.057923168728126
Allele 123	0.056978568915563
Allele 125	0.056427600425415
Allele 131	0.056482608470052

Locus 005
Allele 218	0.047582205962794
Allele 220	0.050610473063819
Allele 222	0.050962734048381
Allele 224	0.051383470036770
Allele 226	0.050975165311335
Allele 228	0.050472830188025
Allele 230	0.051615155235796
Allele 232	0.050709929414006
Allele 234	0.052990480711166
Allele 236	0.051160923003269
Allele 238	0.050891605134857
Allele 240	0.050158917401939
Allele 242	0.048599228356323
Allele 244	0.048512642238626
Allele 246	0.049652524406999
Allele 248	0.048461891372295
Allele 250	0.050076592964762
Allele 252	0.048889275678774
Allele 254	0.047870126591516
Allele 256	0.048423828878548

Locus 006
Allele 094	0.072398114977971
Allele 096	0.071559442604792
Allele 098	0.072346696655410
Allele 100	0.067887059619552
Allele 102	0.073558260547081
Allele 104	0.077030918560293
Allele 106	0.074456954707523
Allele 108	0.071127704459468
Allele 110	0.075524182150274
Allele 112	0.072262135249688
Allele 114	0.067629517339593
Allele 124	0.069051186368816
Allele 126	0.068187245421508
Allele 149	0.066980581338033

Locus 007
Allele 202	0.060441907848949
Allele 204	0.060196862017416
Allele 206	0.059864099062272
Allele 208	0.064837019870881
Allele 210	0.064266237543475
Allele 212	0.063795760876317
Allele 214	0.063390192050471
Allele 216	0.063103130084327
Allele 218	0.061888970353491
Allele 220	0.063566624072685
Allele 222	0.066134672938209
Allele 224	0.062646691130033
Allele 226	0.064058473105078
Allele 228	0.060819365215714
Allele 233	0.060276970802403
Allele 238	0.060713023028279

Locus 008
Allele 121	0.091841552961205
Allele 123	0.097304255486173
Allele 125	0.089517401107669
Allele 127	0.083733259456839
Allele 129	0.091707754124858
Allele 131	0.090470698074196
Allele 133	0.095001542140347
Allele 135	0.089700611541350
Allele 137	0.098773861028543
Allele 151	0.087573157681056
Allele 161	0.084375906397770

Locus 009
Allele 161	0.078484549896725
Allele 165	0.079653104652673
Allele 167	0.087023092447792
Allele 169	0.083639803392324
Allele 171	0.085987754143930
Allele 173	0.088254148457365
Allele 175	0.084747707845665
Allele 177	0.082502133176196
Allele 179	0.078776911343478
Allele 181	0.082350509793894
Allele 183	0.083696389590605
Allele 185	0.084883895259349

Locus 010
Allele 108	0.050657635303432
Allele 115	0.048728057358449
Allele 121	0.048177899810335
Allele 123	0.050825856556617
Allele 125	0.050268462057793
Allele 127	0.048988889502910
Allele 129	0.050065800255450
Allele 131	0.050085618740124
Allele 133	0.051341274004477
Allele 135	0.049920318209796
Allele 137	0.051882931475234
Allele 139	0.052954683261919
Allele 141	0.050910153646317
Allele 143	0.047987782405834
Allele 145	0.048517666934858
Allele 147	0.050789958401770
Allele 149	0.049964874734484
Allele 152	0.049982975413323
Allele 155	0.048286984098653
Allele 157	0.049662177828225


Cluster 05
Locus 001
Allele 092	0.115019986652793
Allele 094	0.112416440983384
Allele 096	0.106709036809186
Allele 098	0.117953703403446
Allele 100	0.112767737870972
Allele 102	0.105978768017756
Allele 104	0.112231110894223
Allele 106	0.115952523803949
Allele 108	0.100970691564293

Locus 002
Allele 118	0.080743767512157
Allele 122	0.081005211557610
Allele 124	0.082803480319588
Allele 126	0.092708234044934
Allele 127	0.080943112862376
Allele 128	0.085771601150351
Allele 130	0.083172983747830
Allele 132	0.084844715854051
Allele 134	0.078597698538928
Allele 135	0.084267624604415
Allele 137	0.085296559543669
Allele 151	0.079845010264089

Locus 003
Allele 130	0.069410156412473
Allele 133	0.069775130692744
Allele 136	0.071175108062235
Allele 138	0.074438987827635
Allele 139	0.072596867477780
Allele 141	0.073382895440616
Allele 143	0.067280372765651
Allele 145	0.072801276000169
Allele 146	0.071653960016217
Allele 147	0.070304742243600
Allele 148	0.074815585570991
Allele 150	0.071027412618783
Allele 152	0.073191838649536
Allele 156	0.068145666221569

Locus 004
Allele 093	0.058166675283971
Allele 095	0.059268287453241
Allele 096	0.056104971798278
Allele 097	0.059680335934522
Allele 099	0.061048256735907
Allele 100	0.059675354950275
Allele 101	0.062187904093381
Allele 103	0.063236250268588
Allele 105	0.057280982741424
Allele 107	0.057840350362530
Allele 109	0.057481285751246
Allele 110	0.057173404183824
Allele 113	0.060705587374434
Allele 121	0.058056889032577
Allele 123	0.056465083846153
Allele 125	0.057667533784403
Allele 131	0.057960846405247

Locus 005
Allele 218	0.047891590364972
Allele 220	0.049786152605645
Allele 222	0.050972135929271
Allele 224	0.050724414719069
Allele 226	0.051057614978187
Allele 228	0.050573741015609
Allele 230	0.050922959963422
Allele 232	0.050841355782391
Allele 234	0.052859873618785
Allele 236	0.051618295589281
Allele 238	0.050350665209702
Allele 240	0.050244031773809
Allele 242	0.048258206082249
Allele 244	0.049124281046379
Allele 246	0.049817445805280
Allele 248	0.049362595515698
Allele 250	0.050930151356956
Allele 252	0.049232562745247
Allele 254	0.047392938983112
Allele 256	0.048038986914940

Locus 006
Allele 094	0.072519919030960
Allele 096	0.071272689515193
Allele 098	0.072770463099188
Allele 100	0.067153469617586
Allele 102	0.073041976744795
Allele 104	0.077117207414715
Allele 106	0.074151087870784
Allele 108	0.071016570174976
Allele 110	0.074662349804985
Allele 112	0.072934276585701
Allele 114	0.067590039258215
Allele 124	0.069973424170422
Allele 126	0.068789826234286
Allele 149	0.067006700478195

Locus 007
Allele 202	0.061268216752207
Allele 204	0.060307471680975
Allele 206	0.059786905405780
Allele 208	0.065263504424750
Allele 210	0.064938091969076
Allele 212	0.062501363848534
Allele 214	0.063377697703250
Allele 216	0.062416882392977
Allele 218	0.061946465745357
Allele 220	0.062611077438571
Allele 222	0.066198673512846
Allele 224	0.062018928148877
Allele 226	0.064027345199902
Allele 228	0.061051053593097
Allele 233	0.061038327419508
Allele 238	0.061247994764296

Locus 008
Allele 121	0.091454713441657
Allele 123	0.095700492097160
Allele 125	0.089793439146136
Allele 127	0.084086763700686
Allele 129	0.090523634556624
Allele 131	0.090459698828623
Allele 133	0.095003015411616
Allele 135	0.089869164058971
Allele 137	0.101595818644316
Allele 151	0.085300474279023
Allele 161	0.086212785835190

Locus 009
Allele 161	0.078613855831473
Allele 165	0.079090204832625
Allele 167	0.087595253675693
Allele 169	0.082768342903085
Allele 171	0.086890406646402
Allele 173	0.086720694782108
Allele 175	0.084729999393984
Allele 177	0.083217085212775
Allele 179	0.079854702394478
Allele 181	0.083755364641113
Allele 183	0.083853061846440
Allele 185	0.082911027839826

Locus 010
Allele 108	0.049445287865320
Allele 115	0.049496613627967
Allele 121	0.048958594973764
Allele 123	0.051491736057620
Allele 125	0.050194551597818
Allele 127	0.049353417539834
Allele 129	0.049448367713754
Allele 131	0.049375331385293
Allele 133	0.050623054325146
Allele 135	0.049385279958990
Allele 137	0.051827025448523
Allele 139	0.053131532965009
Allele 141	0.051000644777343
Allele 143	0.047970579785644
Allele 145	0.048084461132753
Allele 147	0.051177360468890
Allele 149	0.049918989858006
Allele 152	0.050008962602153
Allele 155	0.048819508457618
Allele 157	0.050288699458557


Cluster 06
Locus 001
Allele 092	0.115485883711649
Allele 094	0.112717184358785
Allele 096	0.106969699681446
Allele 098	0.116978614784969
Allele 100	0.111435782576341
Allele 102	0.106267634438076
Allele 104	0.111290154015320
Allele 106	0.118120937367745
Allele 108	0.100734109065666

Locus 002
Allele 118	0.080733881699975
Allele 122	0.081086544008632
Allele 124	0.082852416345851
Allele 126	0.093275588337293
Allele 127	0.080427335376005
Allele 128	0.085237314518809
Allele 130	0.082990173230028
Allele 132	0.085662198963152
Allele 134	0.078573497152937
Allele 135	0.084239743830057
Allele 137	0.085713438482867
Allele 151	0.079207868054394

Locus 003
Allele 130	0.069645364374098
Allele 133	0.068655827770310
Allele 136	0.071375476603272
Allele 138	0.074781210932522
Allele 139	0.073058070431927
Allele 141	0.073054699020017
Allele 143	0.067426521670787
Allele 145	0.072733684024926
Allele 146	0.071812330436259
Allele 147	0.070184168200408
Allele 148	0.074595769421697
Allele 150	0.070945267533386
Allele 152	0.073467109009235
Allele 156	0.068264500571153

Locus 004
Allele 093	0.058323448858566
Allele 095	0.058805609847872
Allele 096	0.055703274138049
Allele 097	0.059774585839570
Allele 099	0.060974790223381
Allele 100	0.059801678951841
Allele 101	0.062702697868185
Allele 103	0.064303652373861
Allele 105	0.057183424877374
Allele 107	0.057980302620157
Allele 109	0.057621536248442
Allele 110	0.056810396836482
Allele 113	0.060869103682032
Allele 121	0.058127175323538
Allele 123	0.057121714702608
Allele 125	0.057043501967050
Allele 131	0.056853105640991

Locus 005
Allele 218	0.047701438371973
Allele 220	0.050067688406330
Allele 222	0.051129099223666
Allele 224	0.050481925273677
Allele 226	0.051242325228153
Allele 228	0.050211977212660
Allele 230	0.051233372489064
Allele 232	0.050573597293680
Allele 234	0.053324007648622
Allele 236	0.051338468939583
Allele 238	0.050979895411046
Allele 240	0.050112364443841
Allele 242	0.048406544795405
Allele 244	0.048965772498495
Allele 246	0.049908334433233
Allele 248	0.048751125750721
Allele 250	0.050323280819790
Allele 252	0.049213640974178
Allele 254	0.047574920524697
Allele 256	0.048460220261185

Locus 006
Allele 094	0.073258578622300
Allele 096	0.071595319623206
Allele 098	0.072224742241858
Allele 100	0.066696854665280
Allele 102	0.072775285147587
Allele 104	0.077001441693488
Allele 106	0.074467763257987
Allele 108	0.070754196148321
Allele 110	0.075415000586322
Allele 112	0.073374142991753
Allele 114	0.067605031250531
Allele 124	0.069710687624591
Allele 126	0.068530951428258
Allele 149	0.066590004718522

Locus 007
Allele 202	0.061044022227240
Allele 204	0.060497969220581
Allele 206	0.059196326803666
Allele 208	0.065157329104393
Allele 210	0.064625572624041
Allele 212	0.062569702365707
Allele 214	0.064038118991699
Allele 216	0.062681085386620
Allele 218	0.061772307739811
Allele 220	0.062656757553900
Allele 222	0.066564423127071
Allele 224	0.062168157669241
Allele 226	0.064367745607068
Allele 228	0.060902458097303
Allele 233	0.060541606153307
Allele 238	0.061216417328354

Locus 008
Allele 121	0.090739799726608
Allele 123	0.096326252233163
Allele 125	0.089566197026293
Allele 127	0.083647356897897
Allele 129	0.091337125476887
Allele 131	0.090325366514681
Allele 133	0.094511586892717
Allele 135	0.089925494430737
Allele 137	0.102398167590825
Allele 151	0.085527061492299
Allele 161	0.085695591717891

Locus 009
Allele 161	0.078296263592775
Allele 165	0.079295140429448
Allele 167	0.087756584213484
Allele 169	0.082818940282446
Allele 171	0.086596550149408
Allele 173	0.088044190057606
Allele 175	0.084187097262239
Allele 177	0.082643145621524
Allele 179	0.079621529252292
Allele 181	0.083223014583494
Allele 183	0.084345922083668
Allele 185	0.083171622471617

Locus 010
Allele 108	0.049842098514770
Allele 115	0.049141938875855
Allele 121	0.048431933061938
Allele 123	0.051408569185533
Allele 125	0.049989916577556
Allele 127	0.049437253446898
Allele 129	0.049932199714797
Allele 131	0.049799684784507
Allele 133	0.050621777695359
Allele 135	0.049655026696012
Allele 137	0.052089346955426
Allele 139	0.052861781217010
Allele 141	0.050771656291502
Allele 143	0.048247527753974
Allele 145	0.048373137057123
Allele 147	0.050577795136083
Allele 149	0.050368102801477
Allele 152	0.050023463683810
Allele 155	0.048396713320787
Allele 157	0.050030077229586


Cluster 07
Locus 001
Allele 092	0.113651059975543
Allele 094	0.113243765712940
Allele 096	0.107537927945103
Allele 098	0.116816264436744
Allele 100	0.112251030551457
Allele 102	0.107158398924163
Allele 104	0.110727794586823
Allele 106	0.118135027501400
Allele 108	0.100478730365826

Locus 002
Allele 118	0.080883798614714
Allele 122	0.081261892144026
Allele 124	0.084987953518425
Allele 126	0.093257660495593
Allele 127	0.079687118231270
Allele 128	0.084930194522614
Allele 130	0.082532335086067
Allele 132	0.086807807201915
Allele 134	0.077284193604915
Allele 135	0.084776356893916
Allele 137	0.084977643338593
Allele 151	0.078613046347955

Locus 003
Allele 130	0.068785935620895
Allele 133	0.068400165259021
Allele 136	0.071883763691030
Allele 138	0.075696605522263
Allele 139	0.073198543174107
Allele 141	0.073214422676221
Allele 143	0.066823171450064
Allele 145	0.073664056573904
Allele 146	0.071746949883513
Allele 147	0.068688210335424
Allele 148	0.074832000741567
Allele 150	0.071316107685359
Allele 152	0.073886090263699
Allele 156	0.067863977122934

Locus 004
Allele 093	0.058479400020070
Allele 095	0.058521289714419
Allele 096	0.055721638645110
Allele 097	0.059733457738263
Allele 099	0.060384949637600
Allele 100	0.060481787966498
Allele 101	0.062195897521669
Allele 103	0.064428952792011
Allele 105	0.058098828522120
Allele 107	0.058234216713385
Allele 109	0.058867022960379
Allele 110	0.057168732588303
Allele 113	0.060286291184689
Allele 121	0.057514748382322
Allele 123	0.056874772772258
Allele 125	0.056246146727979
Allele 131	0.056761866112922

Locus 005
Allele 218	0.047761535687400
Allele 220	0.050422394154369
Allele 222	0.051267921912485
Allele 224	0.050965956587556
Allele 226	0.051274471527138
Allele 228	0.050217461607615
Allele 230	0.051419815931266
Allele 232	0.050890449196261
Allele 234	0.052957928512183
Allele 236	0.051721448659944
Allele 238	0.051567452324579
Allele 240	0.049999623849501
Allele 242	0.048183560230374
Allele 244	0.047877747133295
Allele 246	0.050049989263161
Allele 248	0.048420891296191
Allele 250	0.050207975992306
Allele 252	0.049069143835763
Allele 254	0.047234814837576
Allele 256	0.048489417461040

Locus 006
Allele 094	0.072671556577011
Allele 096	0.071908390551658
Allele 098	0.071784343576428
Allele 100	0.068294462715485
Allele 102	0.073025406800696
Allele 104	0.076468031622339
Allele 106	0.075352205099379
Allele 108	0.070744351241358
Allele 110	0.075370759799061
Allele 112	0.074239020160701
Allele 114	0.067101632243588
Allele 124	0.069362118313654
Allele 126	0.067302387259483
Allele 149	0.066375334039157

Locus 007
Allele 202	0.059995164140969
Allele 204	0.059779009426609
Allele 206	0.059213776231389
Allele 208	0.066029914885308
Allele 210	0.063810432545376
Allele 212	0.062767280210726
Allele 214	0.064123365252978
Allele 216	0.062937564933309
Allele 218	0.062199009804613
Allele 220	0.062835279088334
Allele 222	0.065924991572552
Allele 224	0.062760639239099
Allele 226	0.064705586050661
Allele 228	0.061929920478302
Allele 233	0.059968284944158
Allele 238	0.061019781195618

Locus 008
Allele 121	0.091420894855502
Allele 123	0.097439280516083
Allele 125	0.088493268839672
Allele 127	0.083077365046343
Allele 129	0.091304228242539
Allele 131	0.090922102558250
Allele 133	0.094894864131324
Allele 135	0.090915991406903
Allele 137	0.102102765676830
Allele 151	0.085020913700815
Allele 161	0.084408325025739

Locus 009
Allele 161	0.078197899309634
Allele 165	0.079818379256640
Allele 167	0.086524005171682
Allele 169	0.082892170246623
Allele 171	0.086578362597431
Allele 173	0.088234931686985
Allele 175	0.084935278088611
Allele 177	0.082481246013689
Allele 179	0.079058058437771
Allele 181	0.083558996156149
Allele 183	0.084763288889047
Allele 185	0.082957384145735

Locus 010
Allele 108	0.050010760422127
Allele 115	0.048443708655433
Allele 121	0.048459861990689
Allele 123	0.051911076428828
Allele 125	0.049892391109681
Allele 127	0.049661736659432
Allele 129	0.050386968241559
Allele 131	0.050239683149124
Allele 133	0.050334979280817
Allele 135	0.049476283952074
Allele 137	0.051719053700543
Allele 139	0.051933250372032
Allele 141	0.050967106592204
Allele 143	0.047897298702937
Allele 145	0.048584513642486
Allele 147	0.051105788487479
Allele 149	0.050135202659553
Allele 152	0.050764984126394
Allele 155	0.047704896396560
Allele 157	0.050370455430047


Cluster 08
Locus 001
Allele 092	0.115839671408792
Allele 094	0.113276977736798
Allele 096	0.106762679211871
Allele 098	0.116494102029099
Allele 100	0.112497067642344
Allele 102	0.105809224740087
Allele 104	0.111714626958662
Allele 106	0.116890422841647
Allele 108	0.100715227430698

Locus 002
Allele 118	0.081057128894192
Allele 122	0.080983194621615
Allele 124	0.082232220757920
Allele 126	0.093031485742912
Allele 127	0.081023844110370
Allele 128	0.085129055396242
Allele 130	0.082424266803722
Allele 132	0.085953644940551
Allele 134	0.078664056635366
Allele 135	0.084164918101069
Allele 137	0.085284901128677
Allele 151	0.080051282867363

Locus 003
Allele 130	0.068748296899301
Allele 133	0.068967579764539
Allele 136	0.071381728377823
Allele 138	0.075056901195713
Allele 139	0.072989774054059
Allele 141	0.073741006625963
Allele 143	0.066763840179471
Allele 145	0.072722280239061
Allele 146	0.071584704958830
Allele 147	0.070353226539303
Allele 148	0.074665501062486
Allele 150	0.070818876371214
Allele 152	0.073807861925195
Allele 156	0.068398421807045

Locus 004
Allele 093	0.058554010671472
Allele 095	0.059456697676797
Allele 096	0.055465513508165
Allele 097	0.059571380838199
Allele 099	0.060819983576499
Allele 100	0.059715709560317
Allele 101	0.062957858115899
Allele 103	0.063785427521394
Allele 105	0.057286181608162
Allele 107	0.058026790308366
Allele 109	0.056700558617852
Allele 110	0.056791420807612
Allele 113	0.061071480804291
Allele 121	0.058368580875635
Allele 123	0.056839909620114
Allele 125	0.057280056942271
Allele 131	0.057308438946956

Locus 005
Allele 218	0.047605578337484
Allele 220	0.050151728658433
Allele 222	0.051313036326210
Allele 224	0.051053117485655
Allele 226	0.051538382489131
Allele 228	0.050529037529317
Allele 230	0.051188243907509
Allele 232	0.050436693469459
Allele 234	0.052928945205918
Allele 236	0.051286826148333
Allele 238	0.050745350318408
Allele 240	0.049886835921616
Allele 242	0.048417997072410
Allele 244	0.048901437843769
Allele 246	0.050006911993018
Allele 248	0.048423767181319
Allele 250	0.050844276855138
Allele 252	0.049127816522254
Allele 254	0.047557808904725
Allele 256	0.048056207829896

Locus 006
Allele 094	0.072994808470662
Allele 096	0.071404769820865
Allele 098	0.072799409791874
Allele 100	0.067119843764931
Allele 102	0.072797841632456
Allele 104	0.076599050576799
Allele 106	0.073603758179458
Allele 108	0.070627484918498
Allele 110	0.075328205940779
Allele 112	0.073515712799271
Allele 114	0.067624694295194
Allele 124	0.069706721542746
Allele 126	0.068955174394181
Allele 149	0.066922523872285

Locus 007
Allele 202	0.060900541411457
Allele 204	0.060315514006328
Allele 206	0.059087392009221
Allele 208	0.065067123283612
Allele 210	0.065218618426950
Allele 212	0.062457575158928
Allele 214	0.063046018775548
Allele 216	0.062826563845600
Allele 218	0.061791400756498
Allele 220	0.062889843117466
Allele 222	0.066642053218079
Allele 224	0.062348248591271
Allele 226	0.064188157144943
Allele 228	0.061249244947132
Allele 233	0.060341403615228
Allele 238	0.061630301691743

Locus 008
Allele 121	0.090958354309168
Allele 123	0.096759538327373
Allele 125	0.089219876594002
Allele 127	0.083488420459483
Allele 129	0.089985470683496
Allele 131	0.090313170148086
Allele 133	0.094994824936718
Allele 135	0.089864003317523
Allele 137	0.102576236311520
Allele 151	0.085530420132959
Allele 161	0.086309684779671

Locus 009
Allele 161	0.078768720802056
Allele 165	0.079212323013882
Allele 167	0.086482207573251
Allele 169	0.083152889347127
Allele 171	0.086396762872881
Allele 173	0.088782395428159
Allele 175	0.083526222632504
Allele 177	0.082862967245237
Allele 179	0.079574529278687
Allele 181	0.083696002328633
Allele 183	0.084412093505140
Allele 185	0.083132885972444

Locus 010
Allele 108	0.049516055885743
Allele 115	0.049395441524991
Allele 121	0.048976735509803
Allele 123	0.051374372423159
Allele 125	0.050058227345211
Allele 127	0.049458944082558
Allele 129	0.049940691454898
Allele 131	0.049638016725474
Allele 133	0.050954567168107
Allele 135	0.049316486739896
Allele 137	0.051910168028612
Allele 139	0.053069871038089
Allele 141	0.050931834430593
Allele 143	0.048091981011350
Allele 145	0.048172989978163
Allele 147	0.050505491427163
Allele 149	0.050050833095232
Allele 152	0.050128318492748
Allele 155	0.048494032243025
Allele 157	0.050014941395182



Estimated Mixing Proportions
0.011358560000000
0.920405446666667
0.011573180000000
0.011999733333333
0.010250933333333
0.011095220000000
0.012464226666667
0.010852700000000



Estimated sigma: 
k: 0	1.000000000000000
k: 1	1.000000000000000
k: 2	1.000000000000000
k: 3	1.000000000000000
k: 4	1.000000000000000
k: 5	1.000000000000000
k: 6	1.000000000000000
k: 7	1.000000000000000



Estimated psi: 
k: 0	0.599999999999828
k: 1	0.599999999999828
k: 2	0.599999999999828
k: 3	0.599999999999828
k: 4	0.599999999999828
k: 5	0.599999999999828
k: 6	0.599999999999828
k: 7	0.599999999999828



